---file metadata---
location: Creosote
date generated: 2025-02-01 15:05:37.899331
writer: sawyer.io.sawyer_out
writer HEAD SHA: d80c2a65b5cb7e9395ba8256543121646b55ef7d
called from: make_daily_files.py
-------------------
Date,Rain_mm_Tot_sum,AirTC_Avg_avg,BP_hPa_avg,RH_Avg_avg,PPFD_Up_umol_Avg_avg,WS_ms_Avg_avg,WindDir_MEAN1_WVT_avg,VWC_1_125_avg,VWC_1_2_avg,VWC_1_25_avg,VWC_1_5_avg,VWC_1_50_avg,VWC_2_125_avg,VWC_2_2_avg,VWC_2_25_avg,VWC_2_5_avg,VWC_2_50_avg,VWC_3_125_avg,VWC_3_2_avg,VWC_3_25_avg,VWC_3_5_avg,VWC_3_50_avg,TS_1_125_avg,TS_1_2_avg,TS_1_25_avg,TS_1_5_avg,TS_1_50_avg,TS_2_125_avg,TS_2_2_avg,TS_2_25_avg,TS_2_5_avg,TS_2_50_avg,TS_3_125_avg,TS_3_2_avg,TS_3_25_avg,TS_3_5_avg,TS_3_50_avg,EC_1_125_avg,EC_1_2_avg,EC_1_25_avg,EC_1_5_avg,EC_1_50_avg,EC_2_125_avg,EC_2_2_avg,EC_2_25_avg,EC_2_5_avg,EC_2_50_avg,EC_3_125_avg,EC_3_2_avg,EC_3_25_avg,EC_3_5_avg,EC_3_50_avg,PSI_1_125_avg,PSI_1_2_avg,PSI_1_25_avg,PSI_1_50_avg,PSI_2_125_avg,PSI_2_2_avg,PSI_2_25_avg,PSI_2_50_avg,CO2_1_125_avg,CO2_1_25_avg,CO2_1_5_avg,CO2_1_50_avg,CO2_1_SURF_avg,CO2_2_125_avg,CO2_2_25_avg,CO2_2_5_avg,CO2_2_50_avg,AirTC_Min_min,RH_Avg_min,AirTC_Max_max,RH_Avg_max
2017-01-31,41.800000000000026,6.774911937984504,NA,59.35746666666679,257.73029797064873,2.5241916279069763,133.57935875969014,0.02340651162790755,0.05045209302325544,0.0658803100775189,NA,0.039942945736434816,0.02608372093023272,0.11731875968992242,0.04458294573643522,NA,0.04964155038759651,0.014862945736434567,0.07658077519379813,0.05123100775193937,NA,0.049416744186046135,13.606272868217074,6.1157888372093,7.290349767441851,NA,8.697223875969007,13.421069767441894,6.8450787596899385,7.859955348837196,NA,9.005598759689933,13.264421705426352,5.607182325581393,7.160122480620169,NA,8.461384186046503,0.0027503875968992834,0.012777674418604456,0.014483720930232456,NA,0.005703565891472855,0.0036424806201547826,0.03606883720930257,0.01311007751938003,NA,0.012690852713178758,0.005191627906976862,0.016457054263565918,0.011544806201550519,NA,0.01620930232558173,-100000.0,-107.7338504465118,-15.707846443410931,-502.37093064496105,-100000.0,-16.128430217054248,-19.145711048061962,-20.522397299224785,NA,NA,NA,NA,NA,NA,NA,NA,NA,-2.402,18.58,19.44,100.0
2017-02-28,27.900000000000002,11.174581493425977,907.0667,52.971195733068626,325.8045838325031,2.2792986851897803,141.6740704539814,0.023273877449764998,0.03467377821880475,0.06264376085338687,NA,0.043441825849665563,0.02669064748201506,0.09865219548499164,0.041354502604812146,NA,0.04692656908955583,0.016402133465642014,0.052363681468618306,0.048965021086579665,NA,0.049774745720666154,13.747463408583355,12.051950136442603,12.004574051103965,NA,12.176698089803963,13.59860431654674,12.41557281071694,12.210597122302165,NA,12.2925276606301,13.485253535102983,11.586884147854132,11.686779955346058,NA,11.81984842470852,0.0030955097990573383,0.008443562391466233,0.018790374596874392,NA,0.007258000496154649,0.00489059786653447,0.036613495410568284,0.016160506077896094,NA,0.015355991069213837,0.006747953361449017,0.016451997023071534,0.015265690895559385,NA,0.019964773009179617,-99990.122842967,-2652.7079175589315,-14.881370629372535,-15.911253748201442,-99983.8808409824,-28.680266975936487,-16.018101116348276,-14.017687153311726,NA,NA,NA,NA,NA,NA,NA,NA,NA,-3.3760000000000003,12.26,26.78,100.0
2017-03-31,0.1,14.84612378640775,913.3941430034117,32.42269771955354,497.44089945607107,2.4927624097472934,149.96228990781202,0.02406055128784693,0.02578115942029034,0.05709828287392574,0.014937181663837057,0.041318798011749674,0.02815205603253445,0.07229951690821204,0.03227858111161234,0.024127334465195525,0.04167849073655635,0.01915092634432978,0.03431980676328513,0.04244871215544559,0.029594227504244973,0.04582828739267969,16.021952101219984,16.197574396135277,17.489868956168106,20.6947113752122,16.707636692272928,15.792413014008067,16.006421256038628,17.314132399457723,20.775611205432945,16.51695210122001,15.761622232263923,15.354781159420318,17.03579394487116,20.007495755517873,16.33684139177589,0.003890194306371253,0.009847826086956456,0.02117962042476316,0.004125212224108696,0.008199276999548283,0.006089245368278897,0.03238357487922704,0.015832354270222202,0.007309847198641792,0.01629078174423898,0.010988703117939714,0.0165236714975844,0.016235201084500873,0.012637096774193762,0.023718707636692864,-96714.68912019875,-27565.573211208753,-24.92968813601428,-18.69598030953456,-43093.11075598702,-25867.17569558976,-396.7037353795748,-19.958869051061868,1618.457263157894,1496.5141985815599,829.6253173076923,866.7331774193552,654.800775,998.3601375886525,1210.1796642857141,875.9186628318585,1957.8277811320759,-1.717,9.0,30.41,83.1
2017-04-30,0.0,15.6161486842105,NA,25.198509210526375,558.5455437484889,2.4563355263157916,141.0940861842104,0.025905263157895216,NA,0.04838947368421059,0.00731052631578949,0.03522960526315746,0.030288815789473646,NA,0.019766447368420464,0.01683092105263151,0.032183552631578766,0.023623684210526654,NA,0.027300000000000227,0.01800986842105256,0.03814934210526256,18.678171052631516,NA,19.7732565789474,20.569585526315798,19.426907894736832,18.47436842105266,NA,19.55544736842106,20.243881578947324,19.199072368421035,18.400901315789422,NA,19.354328947368405,20.016230263157883,19.04628947368419,0.005031578947368343,NA,0.019680921052631358,0.0010078947368420672,0.007733552631578767,0.007694736842104993,NA,0.012109210526315755,0.0021684210526314814,0.01348815789473707,0.01963486842105269,NA,0.01382236842105275,0.004724999999999909,0.022352631578947037,-58645.98950723694,-55913.84910328944,-215.6735930526317,-36.57056644078959,-3889.3493315789437,-51807.31857302628,-10849.882807236843,-134.1518812763158,NA,NA,NA,NA,NA,NA,NA,NA,NA,1.297,6.997000000000001,28.24,69.04
2017-05-31,0.5,23.384939544285253,906.2785513386423,21.272051338306262,703.0742115212229,2.5733402314977,171.80785654008403,0.031522740558868036,NA,0.034492692622468554,0.004734479130129905,0.025945165439029704,0.03391441599438458,NA,0.017113410499239524,0.01407517830001221,0.024694259324215366,0.024483222261196116,NA,0.02205658833157969,0.01083397638255609,0.02691698819127464,22.75842511399531,NA,26.7469320706185,29.26447796094933,25.392150122764075,22.40122880860521,NA,26.212995440196355,28.182579211972513,24.917810125102115,22.72148135157265,NA,26.73381971238163,29.20492108032277,25.44227990178883,0.014544253478311685,NA,0.01517642932304447,1.16918040453642e-07,0.005604700105226731,0.01205354846252827,NA,0.009101601777154925,0.0005993218753653744,0.010212206243424168,0.019268443820883385,NA,0.01128340933006013,0.0008177247749328516,0.018439962586229566,-1479.9658715889284,-29445.152318004908,-1793.6100799719616,-1573.2565685724273,-1221.865565766394,-18932.194251548834,-3175.006805682233,-2746.264172337231,NA,1037.7545162337633,462.8138222770621,1371.8195352089474,394.1182434451986,NA,1059.9508919775496,518.4366387956542,1369.120256465166,-0.213,0.34,39.3,80.1
2017-06-30,0.0,30.48587616624256,906.4695554365969,13.841901151631435,749.9729379851872,2.35855821759259,184.78903829210427,0.034515046296298646,NA,0.024974537037038436,0.003947958461175359,0.024308449074074586,0.03399999999999653,NA,0.0148810185185182,0.014711458333333914,0.023923032407407844,0.023986226851852525,NA,0.016431018518519594,0.00929664351851877,0.026227314814818388,26.31735416666657,NA,32.954092592592325,36.48089699074115,30.614491898147968,25.909537037037076,NA,32.47174305555557,35.30734259259263,30.24914583333328,26.477484953703634,NA,33.16754861111116,36.47551041666695,30.896954861110835,0.022726504629628188,NA,0.006567824074074147,-1.3425925925925936e-05,0.004871875000000031,0.011793518518517784,NA,0.004143634259259879,2.7777777777777796e-05,0.00961967592592621,0.015724074074075046,NA,0.005020023148147841,4.9884259259259296e-05,0.01977175925926163,-753.9046246527924,-11924.078894062724,-1242.6158187037074,-1761.8331822916246,-1038.046092870343,-6008.227778999358,-1620.6309631944587,-1764.2301234953559,NA,944.5126355300812,465.29703372584544,1287.7125205314014,410.0078530025715,NA,945.5360378059825,517.0788830314017,1248.8578353474315,7.451,0.068,44.96,61.64
2017-07-31,4.6,32.51660539426214,909.1366244977385,22.282339039605347,668.1624355657426,2.2801529671471186,168.87255981356822,0.035411611897649665,NA,0.023052214573319473,0.005799228312932548,0.022647097025584036,0.0340296142356122,NA,0.013881932718535064,0.016123782309391037,0.022795817638650764,0.02318716716456504,NA,0.014146382647097075,0.010774516170931782,0.02213222496428189,29.506137160670477,NA,36.45890765034396,39.10473697882838,34.01564878555678,29.17578256916538,NA,35.96389531107927,38.12061956098213,33.7257111313158,29.75704247304863,NA,36.61821015716321,39.09983244577209,34.27065073386147,0.025441818181819023,NA,0.0030202597402597853,0.0006842857142857187,0.003937012987013357,0.010928051948052513,NA,0.0021311688311690773,0.0006514285714285728,0.008475064935065762,0.012611298701297928,NA,0.001934935064935168,0.0009101298701298718,0.01747467532467597,-726.5756267921902,-3285.142213493501,-1134.3042131688296,-1391.7109092207593,-1269.7847641558515,-2101.1268100519765,-1430.9371916883197,-1300.7064146752757,NA,773.4866407251518,456.0672496924567,1021.285782890903,415.2571734703778,NA,796.4971162997788,517.8013914049867,999.0312201392221,18.94,0.475,44.52,85.3
2017-08-31,2.8000000000000003,30.18765008960574,908.4752415322587,25.163321460573492,618.0827014824617,2.3280217293906835,140.40566129032274,0.035306451612901996,NA,0.022590725806453427,0.005938396057347755,0.02006899641577233,0.033480734767023866,NA,0.013313620071683798,0.015405465949820937,0.020976926523297426,0.021397401433691548,NA,0.013166666666666327,0.010529121863799461,0.017697356630824602,30.48017473118271,NA,35.071411290322466,36.66148969534037,33.59110663082439,30.27973566308223,NA,34.679012096774166,36.05816756272399,33.34943324372781,30.723384856630695,NA,35.12658154121863,36.55289874551969,33.751754032257914,0.02597289426523377,NA,0.002451836917562909,3.517025089605737e-05,0.002940860215053893,0.008955645161290951,NA,0.0022177419354838883,0.00021057347670250912,0.00610685483870972,0.00943279569892538,NA,0.001578629032258123,0.0003776881720429945,0.011226926523297289,-868.1269265232922,-4702.8730958781225,-1310.4970206093226,-1396.8103270609308,-1360.547356630808,-2494.8023969534065,-1660.254681899644,-1341.4278225806333,NA,687.2954192933258,428.96650401009566,887.1631203869856,407.885278968031,NA,694.824335109365,469.9856782950067,837.9901182557488,16.14,6.686,41.58,89.7
2017-09-30,16.000000000000004,24.19747962962961,907.7326387500065,31.677486111111055,539.4086297296204,2.55668078703705,123.1208407407409,0.035617824074073455,NA,0.022887731481481835,0.02019606481481524,0.017788657407407638,0.032277314814813676,NA,0.012962962962963114,0.031848148148148674,0.019497453703704287,0.019912962962964346,NA,0.028187731481481983,0.043608333333333325,0.0159071759259255,29.694942129629656,NA,29.606611111111135,29.103127314814834,30.182229166666662,29.60304629629626,NA,29.5338148148148,29.074305555555593,30.057703703703712,29.86287037037028,NA,29.191418981481483,28.57866898148157,29.922662037036975,0.02419236111111053,NA,0.004383564814814934,0.009749305555555093,0.0021134259259258737,0.006997222222222551,NA,0.0032416666666666033,0.019293518518518616,0.004611574074074143,0.007493287037037376,NA,0.012410185185185295,0.02780300925925952,0.007156018518518966,-988.6166203703682,-21130.357962962957,-2014.3460648148216,-1800.4712962962826,-1413.1544907407308,-10690.506504629677,-3648.494629629622,-1783.7537731481448,1352.9509608714986,755.2889149253734,468.4460470447749,901.2713496417891,391.8276860000002,NA,731.4616055223863,667.5427399402962,839.0045320597015,6.112,10.5,38.6,92.8
2017-10-31,0.0,19.60385528673836,909.7268611559176,19.67161872759851,445.2904106379181,2.86624126344085,112.22620990143345,0.03386514336917498,NA,0.02296348566308456,0.007307123655914007,0.016301971326164365,0.03050224014336959,NA,0.012626568100358858,0.015898969534050563,0.018125672043011288,0.018321908602150695,NA,0.023813844086022235,0.019173163082437612,0.015145833333333704,25.95507616487455,NA,23.23740591397849,22.617284946236534,24.289027777777864,25.956413530465902,NA,23.532585125448026,23.091664426523334,24.376377688171914,25.84481854838709,NA,22.40008960573468,21.53250672043011,23.54541666666663,0.02015905017921367,NA,0.005538754480286962,9.363799283154129e-05,0.0020246415770608637,0.00542316308243713,NA,0.004118727598566215,0.0014065860215054908,0.0047414874551971265,0.005611335125447807,NA,0.010933691756271976,0.004719310035842279,0.006405465949821052,-1356.4581093190006,-57516.394959677375,-3211.2583109319003,-2995.6795026881514,-1768.1981406810482,-40098.7921594981,-7430.118974014339,-2814.36689068102,1100.855691165781,568.7050032429408,398.06430827509064,693.5801115459877,384.2759847078552,NA,552.0154536762655,426.10792611126544,623.4434590438915,4.898,4.283,31.3,69.87
2017-11-30,0.0,14.655870138888897,911.5443279166641,33.93411273148152,306.22243193407934,1.9676965277777758,131.63138981481487,0.03242615740740702,NA,0.0191502314814817,0.006011574074074227,0.015562731481481152,0.029387037037035855,NA,0.009887037037037194,0.013141898148148569,0.01731481481481545,0.016809490740741735,NA,0.019087731481481848,0.014974074074074362,0.01406087962963022,23.005247685185232,NA,18.014293981481515,16.136969675925965,19.876851851851885,23.08161805555561,NA,18.744481481481433,17.35956064814817,20.225731481481514,22.74924305555544,NA,17.034127314814754,15.129865277777784,18.948631944444447,0.01695555555555638,NA,0.0025375000000001837,9.305555555555563e-05,0.0019712962962961907,0.004789120370370667,NA,0.0020898148148147423,0.000861574074074005,0.00405578703703684,0.004805555555555831,NA,0.007178009259259468,0.0023432870370371094,0.005298379629629639,-2179.140509259258,-78946.76692129624,-11209.038125000005,-6080.587986111077,-2128.8997685185427,-69525.13798611092,-65233.62793981469,-8657.60840277781,957.0828053695172,492.03335101039295,386.1376768187067,608.8495473152417,378.4415942840653,NA,484.923319890299,419.24419237875463,556.1262270785226,1.496,6.65,29.73,83.6
2017-12-31,0.0,10.090661290322567,914.6403956317215,17.64608467741931,273.315621888829,2.8220636200716855,119.9145741487457,0.030591845878136778,NA,0.017057123655914216,0.003818548387096856,0.014203181003585488,0.027924731182797043,NA,0.008091173835125287,0.010976926523297506,0.015803987455196518,0.015292114695340387,NA,0.01621102150537611,0.0120040322580648,0.012429659498208376,19.271469534050212,NA,12.043315412186402,10.031801971326153,14.437034050179184,19.400013440860242,NA,12.843337813620083,11.164277329749131,14.864852150537637,18.939332437276057,NA,11.118557347670263,8.916739471326176,13.454547491039442,0.014066308243727723,NA,0.0018758960573475923,1.2992831541218647e-05,0.001783826164874465,0.004044354838709535,NA,0.0013015232974910751,0.0003767921146953238,0.00307034050179222,0.004016577060931746,NA,0.004581765232975231,0.0013322132616487893,0.0040259856630822976,-4533.827329749085,-95660.86783154124,-89098.48752240138,-39416.70407706067,-2957.1535394265084,-87278.51102150528,-99279.74621415771,-33164.82271505367,808.6527227692311,444.72538830769184,383.45259020978995,517.5162481678328,379.06470274125917,NA,452.45784780419825,416.26973191608306,492.3641956363635,-2.77,3.958,22.69,47.41
2018-01-31,36.00000000000001,11.012550851254465,914.155155376342,40.36217517921148,281.8320234618045,2.325168458781366,118.49915277777797,0.029702508960573956,NA,0.04393525985663306,0.04453808243727544,0.015016353046595307,0.02699887992831625,NA,0.02784968637992821,0.046601926523297484,0.01570340501792057,0.014229838709678566,NA,0.03919623655914038,0.06432101254480314,0.03149395161290417,16.6360663082437,NA,11.293184139784909,10.680877240143355,12.498779121863802,16.70748655913976,NA,11.918528001792097,11.483243279569894,12.939798387096765,16.23158154121865,NA,10.696319444444427,9.830693996415777,11.693066756272431,0.012903449820788277,NA,0.012137768817204363,0.019576836917563133,0.0019728942652328697,0.0038891129032256402,NA,0.01080824372759872,0.023183915770609596,0.003014560931899698,0.0037665770609317207,NA,0.011347894265232902,0.023247759856631328,0.01181541218638029,-7062.189941756254,-36080.899283154075,-23770.64162186374,-61724.68624551978,-4509.74847670255,-21900.430376344084,-28219.07573924715,-57881.62735215058,831.1228191114842,604.758961609388,460.58036247555157,659.4759590388385,382.40195171835774,NA,604.1874717239443,607.0129401788213,651.6019586153355,-2.164,8.7,22.29,100.0
2018-02-28,3.7,9.384154513888888,911.0697154017831,32.53060788690481,383.8191851393613,2.4363531746031732,133.32763467261898,0.029836557539683405,NA,0.04365525793650626,0.02682018849206414,0.021463541666665947,0.026998015873016697,NA,0.0258561507936518,0.031542658730159066,0.0183583829365075,0.014517857142857521,NA,0.03557018849206412,0.04366914682539749,0.03290277777777825,15.987445436507915,NA,12.405841765873019,11.745463789682526,13.222021329365075,15.93709077380962,NA,12.837217509920634,12.39784523809525,13.458288690476211,15.518893849206332,NA,11.641204613095203,10.744820188492067,12.396899801587269,0.012417906746032293,NA,0.014222222222222356,0.011519593253968454,0.003962053571428306,0.003965773809523492,NA,0.012211309523809536,0.019747023809524252,0.004976686507936538,0.003936259920634603,NA,0.012671875000000634,0.02630357142857193,0.013302827380952162,-8207.276711309496,-72020.82194940472,-76.08353174603168,-19025.30729166669,-5376.4709325397025,-51766.71113591277,-396.804910714286,-36413.28581349204,922.1290631985172,636.4190314294541,426.74375464649523,723.9720479777709,385.03333970361143,NA,619.2364150663805,506.2352937326322,708.254450297723,-4.942,5.2360000000000015,23.17,98.8
2018-03-31,25.500000000000014,12.326085573476712,910.0487199596691,39.89845788530466,462.9538774738417,2.403895161290319,151.1360965501791,0.030085349462367142,NA,0.04073969534050246,0.048213933691756625,0.021156810035843184,0.02742025089606015,NA,0.020499327956989714,0.04424708781362035,0.019108870967741703,0.014909050179211703,NA,0.03996258960573503,0.07520542114695347,0.030423163082437994,15.829193548387206,NA,14.698747759856628,15.103661514336943,14.568028673835146,15.66078181003591,NA,14.638405017921176,15.244280465949819,14.463745519713253,15.465819892473053,NA,14.268118279569936,14.550515456989254,14.084789426523272,0.012069668458781439,NA,0.014087141577061368,0.026659050179211847,0.0037231182795697333,0.004429883512544727,NA,0.010360439068100571,0.029999551971326345,0.005711245519713447,0.0041064068100357025,NA,0.014552643369175493,0.03433042114695368,0.013424955197133596,-9789.692921147023,-25877.53814964147,-167.28053315412214,-10609.369937276126,-5553.12347670255,-14971.193095718503,-1753.097670250891,-23225.95878136156,983.5513714724793,727.5038600167647,487.68531338362664,822.4201059513854,388.31565118748154,1102.4531076923083,729.5200402347023,659.0726036322982,814.7753029679603,-1.55,6.478,28.85,99.9
2018-04-30,0.1,18.44499629629632,908.3974911805531,22.791631944444475,627.2005316188189,2.5828067129629586,161.51825555555564,0.031561805555554386,NA,0.03573171296296216,0.014885648148148503,0.022665277777778204,0.02882916666666611,NA,0.020249305555555975,0.02116851851851904,0.021277777777779266,0.016541435185185596,NA,0.030509259259259822,0.025667361111111738,0.02980509259259368,19.31308333333333,NA,22.993840277777778,24.586607870370297,21.845819444444434,18.989171296296288,NA,22.533386574074186,24.026106481481516,21.41776157407401,19.174761574073976,NA,22.66863194444448,24.123192129629636,21.655993055555538,0.012717129629629582,NA,0.013471064814814951,0.0012696759259260143,0.0035150462962962137,0.005143981481481537,NA,0.010447453703703686,0.006439120370370287,0.007400925925925966,0.004939583333333354,NA,0.014827083333333777,0.011663194444444754,0.01581620370370345,-5375.289652777695,-44893.34560185164,-1610.3647222222244,-2127.3346296296286,-3012.4363194443995,-25898.649375000026,-3728.211550925924,-3020.798032407433,1237.2348941584714,825.4842907750144,449.0894089068837,979.2136625795241,401.8196120879117,1205.086337850046,825.8927126951972,483.92839340659094,971.4117475953569,0.966,4.901,33.86,79.82
2018-05-31,8.29999999999999,21.723229166666606,906.5572799731149,28.459969086021523,698.8362971322508,2.240670474910402,170.13273499103957,0.03238530465949572,NA,0.032509856630825826,0.02232078853046605,0.0223270609319006,0.030288306451615246,NA,0.018523969534050277,0.02617495519713299,0.021838933691757514,0.017975358422939666,NA,0.0246202956989259,0.03274372759856577,0.024943324372760783,22.84702060931895,NA,27.410703405017948,29.20610439068108,26.0741241039427,22.514460125448064,NA,26.751610663082445,28.26150985663079,25.510262096774156,22.929059139785018,NA,27.51004704301074,29.39522177419352,26.293443100358456,0.013112455197132536,NA,0.011152777777778008,0.006289650537634811,0.003037634408602223,0.005742607526881783,NA,0.008731182795699349,0.011451164874552415,0.007396729390681156,0.005294354838709658,NA,0.013575940860215551,0.014659050179211508,0.014977822580645535,-2795.9131048386994,-21921.727441756277,-1481.8312499999997,-2090.9420474910285,-2125.364560931929,-5822.358714157705,-2628.9542562723977,-2000.1497311827861,1246.8425440806045,799.7258298908474,471.89666862580424,943.3410024909015,409.39643769941136,1318.5221217975627,805.1548848026838,512.9434636719843,951.5006086044107,6.7189999999999985,3.759,36.64,96.7
2018-06-30,0.0,28.313738425925948,906.088259375001,15.508483333333334,757.8335742049351,2.372294675925928,163.70219907407466,0.033461342592594236,NA,0.026874074074075,0.011552777777778073,0.022703703703703334,0.03161666666666478,NA,0.015911111111110984,0.0167916666666671,0.023103009259259896,0.018942824074074306,NA,0.01890717592592681,0.015672685185185584,0.022603240740743224,26.310939814814823,NA,33.084634259259325,35.93499305555545,31.007905092592637,26.06031712962971,NA,32.59225462962963,35.21538194444449,30.571342592592764,26.583567129629653,NA,33.35051620370376,36.42193287037041,31.354958333333382,0.01338495370370412,NA,0.0052717592592597,-3.935185185185187e-06,0.002995370370370461,0.005175462962962957,NA,0.004769212962963103,0.0005273148148147825,0.007549768518518504,0.005368749999999985,NA,0.007461574074074135,0.0005064814814814514,0.014631250000001267,-1525.6131018518618,-13625.037916666719,-1074.3632870370373,-1492.1969212962865,-1612.5455787036924,-3514.854351851851,-1378.6071527777765,-1387.6614120370077,1205.8799771014474,696.0869909275351,450.04074052173956,845.8907793043485,427.51007881159467,1320.226088328076,688.0062735652184,477.2021596231892,835.3965913254682,10.59,2.861,40.57,54.97
2018-07-31,36.1,31.51992607526875,910.0248919354844,29.650398297491044,661.9186283572916,2.3626713709677376,146.6809381720424,0.03444646057347579,NA,0.030295698924731874,0.03702060931899596,0.022613351254479185,0.033060259856630345,NA,0.016530241935484066,0.03969847670250869,0.023137544802867158,0.019795698924731337,NA,0.031020833333333647,0.05749081541218655,0.021596102150538022,28.897589605734726,NA,35.05935483870957,36.57151433691746,33.28110215053766,28.706693548387083,NA,34.621073028673756,36.00205645161286,32.87346550179225,29.25142921146953,NA,35.226328405018016,36.67997759856636,33.814233870967726,0.013981630824373767,NA,0.009211693548387086,0.022203181003585048,0.00272871863799289,0.005385752688172289,NA,0.0055329301075269215,0.026856630824373246,0.006645161290323015,0.005554883512544976,NA,0.015984991039426858,0.03639157706093153,0.013120295698924983,-1276.207146057348,-2597.869534050178,-885.7006272401425,-1298.3714829749094,-1350.5100806451564,-1091.4103270609314,-1340.3630824372794,-1224.2217741935542,1292.3177049319722,864.8279515873031,570.8312299319709,969.8423360544227,438.3902366780036,1471.811234858995,852.9565185374134,795.6133977607709,992.6317821716283,18.51,2.036,42.88,97.5
2018-08-31,51.699999999999996,30.106671146953378,908.8212901389486,26.59311603942651,645.3028822943987,2.1136978046595014,159.61225784050174,0.03548095024652583,NA,0.045447557149260145,0.036611833258628386,0.02314634692962849,0.034000000000000946,NA,0.030062528014343403,0.04577879874495722,0.0319731062303907,0.021119901389512807,NA,0.039378081577767655,0.0570647691618109,0.02873756163155618,30.59999103540991,NA,34.63159569699706,35.76836172120126,33.87418198117419,30.34325190497508,NA,33.892982967279174,34.62450470640976,33.24300761990145,30.88921559838641,NA,34.66918646346928,35.428314657104465,34.120053787539085,0.014873599282833052,NA,0.016563200358583913,0.018301658449125697,0.0027194083370685102,0.005792021515015787,NA,0.015468175705961552,0.03249708650829275,0.01472747646795191,0.005847826086956734,NA,0.02213939937247905,0.03803428955625305,0.01808180188256445,-1161.7552666965544,-2229.9597714029564,-455.0950022411489,-1125.6445540116583,-1232.787606454504,-914.9160914388161,-621.2238682205275,-616.0377409233536,1440.9070612139926,966.5417619855979,529.0036992026754,1106.1955675668728,438.7982641718102,1432.65543222004,1004.0416409722225,822.9545032921812,1269.899531118177,16.35,3.998,41.25,90.4
2018-09-30,1.5,27.046280092592575,907.619041736109,20.21815462962962,574.4301724229864,2.107335416666668,141.35608171296266,0.03555277777777677,NA,0.037258796296296484,0.016159953703703843,0.024361805555555265,0.03370185185185175,NA,0.021910648148148543,0.021884027777778172,0.026393981481483173,0.021013194444444775,NA,0.03455625000000044,0.024677083333333943,0.024424768518520306,29.715724537037108,NA,31.406784722222323,32.37569907407406,31.148780092592595,29.49494907407408,NA,30.941319444444463,31.50521296296292,30.74918055555552,29.78615277777769,NA,30.95807175925919,31.15368055555559,30.90874537037033,0.013791435185184884,NA,0.013831712962962959,0.0005745370370370032,0.003294444444444485,0.005935185185185287,NA,0.01249861111111153,0.0049509259259256705,0.011389814814814452,0.006050925925926081,NA,0.018965046296296428,0.00796435185185227,0.015631944444444944,-1210.6735185185173,-15394.041273148161,-851.9958101851869,-1327.7827083333375,-1290.9549537037074,-2338.9485416666703,-1272.7902546296211,-1133.2843981481503,1440.0356639867593,812.8639351383307,465.70079562544413,995.3514865689245,425.6197522818636,NA,804.9301539607477,500.3303023646239,1029.0517475872093,14.31,2.725,38.41,85.6
2018-10-31,13.399999999999995,18.112881944444425,908.9997617607468,37.94142114695333,422.94632739617595,2.688604838709673,107.84130533154148,0.033671594982077745,NA,0.029365143369175974,0.03248051075268827,0.021390456989247665,0.03223879928315353,NA,0.015720878136200888,0.028039426523297956,0.022307123655915383,0.019541218637994264,NA,0.031474238351255346,0.05106429211469497,0.018936827956989227,26.5411850358423,NA,22.49551971326169,21.073447580645112,24.07430331541224,26.45060707885312,NA,22.677777777777727,21.354874551971374,24.09596774193552,26.378458781362,NA,21.825546594982082,20.32768145161291,23.44237007168466,0.010994399641576438,NA,0.008003136200716765,0.01892271505376346,0.0020797491039426055,0.004591621863799597,NA,0.006220206093190247,0.017220878136201004,0.006604166666666718,0.005226030465949804,NA,0.0128156362007171,0.03505129928315417,0.008148745519713377,-1671.8152105734866,-23885.6371639785,-2297.0749551971307,-2668.4681675626894,-1517.2710125447873,-9134.7873655914,-5499.111827956984,-2377.786178315411,1155.5486059587802,623.6181699596757,443.28417562723916,753.922726344087,398.0035989695325,NA,620.6358485887104,503.38450154570035,716.1769990718012,7.195,6.925,31.02,100.0
2018-11-30,3.5,13.084720601851838,912.3540484027793,25.810843287037024,325.85870339080975,2.863504398148162,102.47369583333314,0.03215902777777791,NA,0.027309953703703718,0.015708029197080288,0.019342592592593005,0.030532407407407862,NA,0.014262731481482447,0.016732175925926185,0.020405555555555725,0.01789814814814804,NA,0.02687939814814876,0.024859259259259556,0.016561574074073805,22.325078703703653,NA,15.891060185185186,17.370218978102184,18.044120370370333,22.390525462962938,NA,16.593837962962976,14.98046875,18.46692824074075,21.995826388888922,NA,14.950569444444431,12.952465509259278,17.11525462962964,0.00901851851851895,NA,0.006608564814814952,7.638888888888894e-05,0.0019534722222221135,0.003998611111110904,NA,0.005179629629629902,0.0021442129629629385,0.004985648148148404,0.004271296296296232,NA,0.008874305555555533,0.011564814814814799,0.005449305555555475,-2225.878102189781,-66922.70510948903,-3489.7810218978093,-3537.577372262775,-1709.5715328467154,-46354.27883211679,-11771.33941605839,-2910.967883211679,958.6401755787056,512.288930023149,397.107156087963,613.7009329398163,387.1177338194441,NA,505.0767168750002,421.00324488425997,582.0451851210037,2.768,5.891,25.59,97.5
2018-12-31,5.999999999999995,8.330896729390668,912.6839105510747,44.06718637992832,246.17413550708238,2.340502464157703,110.75543189964152,0.030563172043012177,NA,0.024676747311828996,NA,0.017884632616487574,0.02855241935484223,NA,0.012400313620071568,0.02846818996415792,0.018968413978494678,0.016357302867383156,NA,0.023486559139785885,0.051538306451612566,0.014902553763441273,17.994061379928297,NA,10.090760080645136,NA,12.54378808243727,18.096839157706,NA,10.878740143369152,9.169381944444453,12.999487007168494,17.627383512544757,NA,9.209250224014335,7.257556227598565,11.607029569892505,0.007777553763440668,NA,0.0050508512544803034,0.0,0.0017309587813619319,0.0034762544802866744,NA,0.0037060931899639844,0.01596102150537671,0.00395206093189944,0.003738799283153963,NA,0.006408378136201066,0.02781989247311891,0.004006496415770427,NA,NA,NA,NA,NA,NA,NA,NA,826.6367912634405,472.8231442428315,404.41724655018004,539.0534884184577,384.19173434139805,NA,475.807138552867,433.824360394265,524.7659994843957,-2.653,9.21,20.11,100.0
2019-01-31,16.099999999999977,8.711611947002002,913.4743986295152,49.42430271726931,267.8250024040032,2.474180327868857,114.7164111834719,0.02961977528089867,NA,0.02508921348314668,NA,0.0169662921348324,0.027252808988764667,NA,0.012694157303370953,0.042781348314606595,0.018360674157304066,0.015967415730336453,NA,0.03173483146067396,0.07139168539325902,0.01427033707865223,15.107180408896912,NA,8.927405526847892,NA,10.429970793080189,15.165358346439122,NA,9.53844956189619,9.000429341720961,10.799773084700039,14.702696023365545,NA,8.27193282408449,7.471955066277243,9.633243990114545,0.00718288025162907,NA,0.0055544821388453765,0.0,0.0014931476072792501,0.003079982026510961,NA,0.004016625477420577,0.028178386879353323,0.0034704560772858724,0.0031426645697596456,NA,0.009840485284205936,0.030038193664345555,0.003860480790833242,-37460.72569169961,NA,-57680.99374176545,-84282.68155467729,-4695.844400527011,-62.29677206851117,-85863.4621870884,-86658.44683794468,764.9660087191004,483.06600938375203,425.18893352808976,546.5973958651689,388.98646085393233,NA,506.40837467415815,472.4948594606758,544.521428221586,-4.49,11.77,21.28,100.0
2019-02-28,37.700000000000024,6.438197916666688,908.1990811011883,51.81926785714287,337.4529049403724,2.4557648809523713,148.2929397321436,0.02981200396825402,NA,0.04322420634920585,NA,0.017118551587302046,0.027186755952381497,NA,0.024899801587301557,0.05775868055555561,0.01844394841269897,0.01576488095238018,NA,0.052825644841269975,0.09688764880952416,0.028936259920634866,14.242433035714305,NA,8.45812673611112,NA,9.997324404761935,14.232036210317473,NA,9.022752232142851,8.560926339285723,10.307313740079351,13.858563988095316,NA,8.099162698412696,7.225181051587302,9.298011656745999,0.007687996031745781,NA,0.011791666666666563,0.0,0.0015468749999999387,0.0030543154761905455,NA,0.010094742063492286,0.03291939484127043,0.0036076388888887584,0.003269841269841256,NA,0.01463888888888935,0.0296205357142862,0.009804563492063254,-51284.56418650787,NA,-14896.958482142965,-90459.1970982143,-6465.947371031764,-52.62123015873031,-46545.43658234177,-84080.97214781737,798.9947933886817,526.2472239273407,433.27990808314075,579.0608227470159,391.5658972670799,NA,538.4850786832294,495.5518391801249,598.4203916466339,-4.942,7.6960000000000015,21.18,100.0
2019-03-31,11.599999999999996,12.126178355366283,909.9512434139772,42.21869175627239,482.9026945246371,2.80194220430107,133.8589294354838,0.030757392473121536,NA,0.0496653225806456,NA,0.0228490143369187,0.02788015232975061,NA,0.029549059139784364,0.04287365591397829,0.021067428315412577,0.01637163978494589,NA,0.04822827060931862,0.06718884408602117,0.03721863799283109,14.928709677419397,NA,14.759816308243703,NA,14.531337365591403,14.752853942652356,NA,14.678237007168457,15.201622983870974,14.393882168458742,14.656919802867405,NA,14.543546146953407,14.85784968637988,14.182887544802865,0.008882840501791995,NA,0.01566599462365594,0.0,0.0030369623655912645,0.003709677419354619,NA,0.013202060931899864,0.028249103942653068,0.005351254480287013,0.003955869175627039,NA,0.015680555555555697,0.03133803763440909,0.015834229390680674,-35905.34719982103,NA,-59.51308243727594,-22058.51500896045,-5235.114112903154,-5305.409139784947,-246.03882168458782,-25896.604793906845,979.8643778404524,682.3030974632444,464.6977047992821,831.4807336224492,400.98279237497206,NA,737.0989852209019,554.1092426553048,855.0494556473118,-1.004,8.76,24.85,100.0
2019-04-30,7.299999999999999,18.192684956986756,907.8031089302289,31.06691513601486,606.2879165460671,2.6629172285514913,153.30331434550124,0.03211377384829917,NA,0.03747952536063322,0.03212284069097942,0.024983946021407053,0.02959236854350993,NA,0.021144020474639622,0.023935318752908892,0.023153792461610333,0.018112610516520643,NA,0.03133806421591398,0.030523033969288904,0.026164960446720623,18.533508608655186,NA,21.84891810144254,24.334817658349305,20.816421591437873,18.23449976733367,NA,21.469639367147554,22.811986970683996,20.409462540716632,18.430002326663608,NA,21.83681247091673,23.18626803164262,20.734048394602077,0.009887906976744356,NA,0.013525348837209432,0.002924186046511641,0.003195581395348903,0.004611860465116266,NA,0.01073302325581409,0.007367906976744247,0.006932558139535402,0.0048541860465116556,NA,0.012621627906977313,0.01296511627906989,0.013373720930232657,-7161.487627906922,-45107.24307650114,-1002.9978372093033,-2141.7152558139433,-2735.488325581353,-12267.700813953483,-3715.52062790698,-2687.0623953488366,1204.1932633966535,887.7560065824257,475.85762733829745,1040.7719162623562,415.0124259888313,NA,916.066521288969,515.8138838296891,1059.5162262343838,4.626,6.042999999999998,33.67,90.8
2019-05-31,36.40000000000003,17.621079891672327,905.2647238575228,41.46877150537642,621.6682758172813,2.3552587365591466,160.7384834229395,0.033537410394266755,NA,0.04524551971326176,0.07759991039426568,0.02362970430107497,0.03100828853046866,NA,0.020062500000000535,0.043474462365591285,0.022887544802867917,0.019055555555556266,NA,0.04622558243727621,0.0730985663082441,0.02649619175627291,21.330882616487585,NA,22.66039426523302,23.827125896057247,22.490038082437255,21.048449820788633,NA,22.41074148745526,22.894180107526825,22.17641577060928,21.420076164874466,NA,23.097912186379894,23.60953405017912,22.713696236559105,0.011141129032258041,NA,0.0161046146953407,0.046944668458781535,0.002466845878136318,0.005040994623655872,NA,0.010022849462365755,0.028832661290323122,0.006180779569892666,0.005509184587813754,NA,0.018055555555556088,0.03677128136200748,0.016560483870968343,-4465.913284050186,-6548.03653673833,-556.5830869175624,-2815.9486559139655,-2052.1129480286636,-982.7600134408559,-1926.1833781362022,-2865.6672267025215,1284.7907685018056,1025.238006434932,542.0153445497604,1116.677571240781,417.99293346119083,NA,1036.8177629061377,825.6689527978313,1182.4344219834704,5.917000000000002,6.497999999999998,31.63,98.0
2019-06-30,0.0,27.29625925925925,907.2108661805504,18.02668680555554,743.2113662655269,2.545649074074072,151.0257870370366,0.034817361111108544,NA,0.038133564814814995,0.03386550925925945,0.02541018518518631,0.032354398148146925,NA,0.022196759259259808,0.023274074074074638,0.024829398148149762,0.02045000000000064,NA,0.0302402777777783,0.025759259259259808,0.022956250000002384,24.186740740740724,NA,31.19672453703703,34.50403472222232,29.179192129629687,23.87521990740738,NA,30.623567129629635,33.05688194444441,28.614303240740725,24.46828240740738,NA,31.684333333333313,34.42518749999999,29.595273148148255,0.011148148148148608,NA,0.013206481481481512,0.004370833333333756,0.0027861111111112946,0.0058439814814816434,NA,0.010662731481481547,0.004951157407407459,0.007325462962963299,0.005984027777777952,NA,0.011751388888889446,0.005156250000000242,0.013385185185184882,-2519.155740740738,-5610.54988425926,-808.1401620370383,-1569.655324074069,-1683.76384259258,-1640.495393518516,-1320.9055555555524,-1430.8648611111053,1469.285132175927,932.2614675462985,501.1961786574084,1147.1253780541604,443.1611383564814,NA,979.2765309953656,545.3654411805527,1176.764318780098,13.3,4.37,39.1,50.9
2019-07-31,0.0,30.251937724014414,908.7194397177357,18.523061827956997,718.8591577735934,2.234753584229391,161.0772585125455,0.03537768817204213,NA,0.02827956989247507,0.027310259856631443,0.02502598566308451,0.03387320788530565,NA,0.01803741039426547,0.01846438172043033,0.02505734767025221,0.02189000896057364,NA,0.023217069892474726,0.019327956989247688,0.02224283154122043,27.78932123655913,NA,34.536220878136234,37.797500000000035,32.4732370071685,27.564448924731206,NA,34.10454077060933,36.43933467741939,32.06899193548388,28.122450716845794,NA,35.080900537634356,37.72604838709677,32.829733422939114,0.010739023297491487,NA,0.003918458781361926,0.0002253584229390681,0.002135976702508953,0.005738575268817187,NA,0.0033911290322581563,0.0005566756272401069,0.006991711469534617,0.005660618279569965,NA,0.003468862007168583,0.00036066308243726106,0.011146057347670602,-1411.0517697132616,-6302.387432795688,-950.0991487455236,-1307.2735439068042,-1320.4858870967778,-1762.151500896058,-1204.6651881720497,-1178.7297491039412,1304.8715224014345,704.7327569668415,475.68523281810167,881.8179265620455,448.54658671595206,NA,722.9314725806429,503.58308953852975,850.9979937739745,16.49,4.104,41.53,63.13
2019-08-31,0.0,30.386489695340575,908.5266165322521,17.544974238351266,668.898123477754,2.1608333333333327,156.92372782258062,0.0360040322580657,NA,0.02605443548387174,0.0256453853046601,0.023901209677418045,0.034163082437276296,NA,0.016542562724014144,0.017357302867383826,0.02431653225806483,0.023713261648746275,NA,0.020648073476702854,0.01780891577060984,0.02032034050179353,29.714820788530883,NA,35.068866487455225,37.28114471326161,33.49762096774189,29.557273745519467,NA,34.785651881720334,36.38304211469536,33.19569220430094,29.98105734767087,NA,35.34306899641576,37.002486559139854,33.68043458781372,0.010483646953404657,NA,0.002087813620071628,3.0465949820788553e-05,0.0018102598566307527,0.005132168458781312,NA,0.0019321236559138861,9.632616487455204e-05,0.005193772401434008,0.005400313620071584,NA,0.001691756272401425,7.190860215053769e-05,0.007815636200717006,-1250.7821012544794,-9431.259162186392,-1103.634587813621,-1245.939762544795,-1172.8196908602217,-2177.8517921147027,-1398.3870519713103,-1161.3998431899697,1205.1241169354823,655.5692670922946,466.36415291218685,795.5455383021585,448.7086549955204,NA,665.1307054883512,490.21034926075293,767.7667684195546,16.56,3.256,40.65,53.77
2019-09-30,1.0999999999999999,24.727647222222238,907.9315986805544,25.8006886574075,555.8954593863859,2.4520682870370405,147.29336643518494,0.035928703703704275,NA,0.024008796296296073,0.02478680555555607,0.021327546296295154,0.03434629629629545,NA,0.014767824074075234,0.01619027777777812,0.02200324074074053,0.023610879629628663,NA,0.018470138888888897,0.017206944444444865,0.01762407407407531,29.496192129629627,NA,30.770747685185132,30.80512962962961,30.853437499999814,29.39635416666665,NA,30.859013888888864,30.725715277777763,30.739826388888826,29.64483333333347,NA,30.712335648148137,30.183995370370404,30.747516203703693,0.009843055555555874,NA,0.001578703703703714,8.33333333333334e-05,0.001093981481481469,0.00488495370370398,NA,0.0014414351851852246,0.00014189814814814824,0.0033152777777778197,0.004995601851851907,NA,0.00111064814814814,0.00028819444444443836,0.004085648148148032,-1271.355625000007,-32870.14210648149,-1672.2528935185248,-1558.134537037028,-1190.7211805555573,-9816.583333333341,-2358.7934259259214,-1482.5980092592686,1095.5094002546246,600.4236410416664,445.25207851851934,719.4458563772776,429.3919358101855,NA,600.9303264583338,463.41381175925915,690.5002224004165,6.596,6.273,40.31,72.87
2019-10-31,0.0,17.049731630824358,909.9156879704304,15.798222894265237,460.5363720133533,3.2588637992831506,106.24405197132619,0.034600806451611864,NA,0.02113306451612922,0.021501792114695557,0.018288530465949627,0.03287432795699004,NA,0.012437051971326713,0.013493951612903404,0.01989784946236641,0.021862231182795545,NA,0.015664426523296825,0.013837141577061224,0.014720878136201678,25.94769489247316,NA,22.07138216845888,20.345875672043032,23.752067652329718,25.93773073476709,NA,22.581857078853073,21.243505376344114,23.925353942652304,25.897202060931946,NA,21.596937724014353,19.666450940860145,23.239793906810053,0.008565412186380274,NA,0.001072580645161276,1.702508960573478e-05,0.0009829749103942205,0.00401523297491024,NA,0.0010560035842293708,4.077060931899645e-05,0.002076612903225769,0.00416330645161282,NA,0.00099439964157702,7.818100358422945e-05,0.002129032258064484,-1897.2398745519777,-69625.56917562721,-8699.97905465952,-3024.614560931874,-1441.691241039429,-53462.17193100357,-28807.12074372759,-3395.1986335125634,900.2775484542984,513.085298163083,417.14153232526957,609.7866187012982,410.1210191308235,NA,516.3934792114684,431.0873453629032,576.779325899458,-0.054000000000000006,3.1710000000000003,31.5,61.65
2019-11-30,15.699999999999998,15.259465246968347,911.4003212067465,24.284249038745912,345.044693446234,2.6925903578822865,101.48265217391294,0.03309346347234636,NA,0.019780538302278584,0.036998225377107466,0.01692398698609956,0.03126885536823621,NA,0.01131381248151438,0.021123336291038325,0.018520556048505957,0.020215320910974277,NA,0.01909020999704247,0.032059449866903345,0.012933155871044315,22.481895888790337,NA,17.2466844128956,15.48631144631766,19.04495119787041,22.53877551020416,NA,17.994575569358176,16.916295178941127,19.443608399881665,22.282582076308877,NA,16.504125998225422,15.074565217391282,18.33553682342506,0.007592724046140202,NA,0.001023070097604181,0.008660751257024544,0.0009656906240756438,0.0036643005028096703,NA,0.0010011830819283464,0.007370896184560797,0.001990239574090354,0.003866015971605793,NA,0.0035740905057674707,0.007728482697426804,0.0015989352262643808,-3311.3005323868724,-62708.870718722064,-29490.755368234204,-7823.42860100561,-1784.1541851523539,-51977.737089618575,-90019.62138420579,-10304.01339840286,830.3620632653037,524.8481463472347,461.9253305530911,605.5376847375229,408.336662969535,NA,550.9630774918685,527.2719896776089,576.3404193497493,0.422,3.023,26.29,97.0
2019-12-31,0.0,NA,NA,NA,NA,NA,NA,NA,NA,NA,NA,NA,NA,NA,NA,NA,NA,NA,NA,NA,NA,NA,NA,NA,NA,NA,NA,NA,NA,NA,NA,NA,NA,NA,NA,NA,NA,NA,NA,NA,NA,NA,NA,NA,NA,NA,NA,NA,NA,NA,NA,NA,NA,NA,NA,NA,NA,NA,NA,NA,NA,NA,NA,NA,NA,NA,NA,NA,NA,NA,NA,NA,NA
2020-01-31,0.0,NA,NA,NA,NA,NA,NA,NA,NA,NA,NA,NA,NA,NA,NA,NA,NA,NA,NA,NA,NA,NA,NA,NA,NA,NA,NA,NA,NA,NA,NA,NA,NA,NA,NA,NA,NA,NA,NA,NA,NA,NA,NA,NA,NA,NA,NA,NA,NA,NA,NA,NA,NA,NA,NA,NA,NA,NA,NA,NA,NA,NA,NA,NA,NA,NA,NA,NA,NA,NA,NA,NA,NA
2020-02-29,0.0,NA,NA,NA,NA,NA,NA,NA,NA,NA,NA,NA,NA,NA,NA,NA,NA,NA,NA,NA,NA,NA,NA,NA,NA,NA,NA,NA,NA,NA,NA,NA,NA,NA,NA,NA,NA,NA,NA,NA,NA,NA,NA,NA,NA,NA,NA,NA,NA,NA,NA,NA,NA,NA,NA,NA,NA,NA,NA,NA,NA,NA,NA,NA,NA,NA,NA,NA,NA,NA,NA,NA,NA
2020-03-31,0.0,NA,NA,NA,NA,NA,NA,NA,NA,NA,NA,NA,NA,NA,NA,NA,NA,NA,NA,NA,NA,NA,NA,NA,NA,NA,NA,NA,NA,NA,NA,NA,NA,NA,NA,NA,NA,NA,NA,NA,NA,NA,NA,NA,NA,NA,NA,NA,NA,NA,NA,NA,NA,NA,NA,NA,NA,NA,NA,NA,NA,NA,NA,NA,NA,NA,NA,NA,NA,NA,NA,NA,NA
2020-04-30,0.0,NA,NA,NA,NA,NA,NA,NA,NA,NA,NA,NA,NA,NA,NA,NA,NA,NA,NA,NA,NA,NA,NA,NA,NA,NA,NA,NA,NA,NA,NA,NA,NA,NA,NA,NA,NA,NA,NA,NA,NA,NA,NA,NA,NA,NA,NA,NA,NA,NA,NA,NA,NA,NA,NA,NA,NA,NA,NA,NA,NA,NA,NA,NA,NA,NA,NA,NA,NA,NA,NA,NA,NA
2020-05-31,0.0,NA,NA,NA,NA,NA,NA,NA,NA,NA,NA,NA,NA,NA,NA,NA,NA,NA,NA,NA,NA,NA,NA,NA,NA,NA,NA,NA,NA,NA,NA,NA,NA,NA,NA,NA,NA,NA,NA,NA,NA,NA,NA,NA,NA,NA,NA,NA,NA,NA,NA,NA,NA,NA,NA,NA,NA,NA,NA,NA,NA,NA,NA,NA,NA,NA,NA,NA,NA,NA,NA,NA,NA
2020-06-30,0.0,NA,NA,NA,NA,NA,NA,NA,NA,NA,NA,NA,NA,NA,NA,NA,NA,NA,NA,NA,NA,NA,NA,NA,NA,NA,NA,NA,NA,NA,NA,NA,NA,NA,NA,NA,NA,NA,NA,NA,NA,NA,NA,NA,NA,NA,NA,NA,NA,NA,NA,NA,NA,NA,NA,NA,NA,NA,NA,NA,NA,NA,NA,NA,NA,NA,NA,NA,NA,NA,NA,NA,NA
2020-07-31,0.0,NA,NA,NA,NA,NA,NA,NA,NA,NA,NA,NA,NA,NA,NA,NA,NA,NA,NA,NA,NA,NA,NA,NA,NA,NA,NA,NA,NA,NA,NA,NA,NA,NA,NA,NA,NA,NA,NA,NA,NA,NA,NA,NA,NA,NA,NA,NA,NA,NA,NA,NA,NA,NA,NA,NA,NA,NA,NA,NA,NA,NA,NA,NA,NA,NA,NA,NA,NA,NA,NA,NA,NA
2020-08-31,0.0,NA,NA,NA,NA,NA,NA,NA,NA,NA,NA,NA,NA,NA,NA,NA,NA,NA,NA,NA,NA,NA,NA,NA,NA,NA,NA,NA,NA,NA,NA,NA,NA,NA,NA,NA,NA,NA,NA,NA,NA,NA,NA,NA,NA,NA,NA,NA,NA,NA,NA,NA,NA,NA,NA,NA,NA,NA,NA,NA,NA,NA,NA,NA,NA,NA,NA,NA,NA,NA,NA,NA,NA
2020-09-30,0.0,NA,NA,NA,NA,NA,NA,NA,NA,NA,NA,NA,NA,NA,NA,NA,NA,NA,NA,NA,NA,NA,NA,NA,NA,NA,NA,NA,NA,NA,NA,NA,NA,NA,NA,NA,NA,NA,NA,NA,NA,NA,NA,NA,NA,NA,NA,NA,NA,NA,NA,NA,NA,NA,NA,NA,NA,NA,NA,NA,NA,NA,NA,NA,NA,NA,NA,NA,NA,NA,NA,NA,NA
2020-10-31,0.0,NA,NA,NA,NA,NA,NA,NA,NA,NA,NA,NA,NA,NA,NA,NA,NA,NA,NA,NA,NA,NA,NA,NA,NA,NA,NA,NA,NA,NA,NA,NA,NA,NA,NA,NA,NA,NA,NA,NA,NA,NA,NA,NA,NA,NA,NA,NA,NA,NA,NA,NA,NA,NA,NA,NA,NA,NA,NA,NA,NA,NA,NA,NA,NA,NA,NA,NA,NA,NA,NA,NA,NA
2020-11-30,0.0,NA,NA,NA,NA,NA,NA,NA,NA,NA,NA,NA,NA,NA,NA,NA,NA,NA,NA,NA,NA,NA,NA,NA,NA,NA,NA,NA,NA,NA,NA,NA,NA,NA,NA,NA,NA,NA,NA,NA,NA,NA,NA,NA,NA,NA,NA,NA,NA,NA,NA,NA,NA,NA,NA,NA,NA,NA,NA,NA,NA,NA,NA,NA,NA,NA,NA,NA,NA,NA,NA,NA,NA
2020-12-31,0.0,NA,NA,NA,NA,NA,NA,NA,NA,NA,NA,NA,NA,NA,NA,NA,NA,NA,NA,NA,NA,NA,NA,NA,NA,NA,NA,NA,NA,NA,NA,NA,NA,NA,NA,NA,NA,NA,NA,NA,NA,NA,NA,NA,NA,NA,NA,NA,NA,NA,NA,NA,NA,NA,NA,NA,NA,NA,NA,NA,NA,NA,NA,NA,NA,NA,NA,NA,NA,NA,NA,NA,NA
2021-01-31,0.0,NA,NA,NA,NA,NA,NA,NA,NA,NA,NA,NA,NA,NA,NA,NA,NA,NA,NA,NA,NA,NA,NA,NA,NA,NA,NA,NA,NA,NA,NA,NA,NA,NA,NA,NA,NA,NA,NA,NA,NA,NA,NA,NA,NA,NA,NA,NA,NA,NA,NA,NA,NA,NA,NA,NA,NA,NA,NA,NA,NA,NA,NA,NA,NA,NA,NA,NA,NA,NA,NA,NA,NA
2021-02-28,0.0,NA,NA,NA,NA,NA,NA,NA,NA,NA,NA,NA,NA,NA,NA,NA,NA,NA,NA,NA,NA,NA,NA,NA,NA,NA,NA,NA,NA,NA,NA,NA,NA,NA,NA,NA,NA,NA,NA,NA,NA,NA,NA,NA,NA,NA,NA,NA,NA,NA,NA,NA,NA,NA,NA,NA,NA,NA,NA,NA,NA,NA,NA,NA,NA,NA,NA,NA,NA,NA,NA,NA,NA
2021-03-31,0.0,NA,NA,NA,NA,NA,NA,NA,NA,NA,NA,NA,NA,NA,NA,NA,NA,NA,NA,NA,NA,NA,NA,NA,NA,NA,NA,NA,NA,NA,NA,NA,NA,NA,NA,NA,NA,NA,NA,NA,NA,NA,NA,NA,NA,NA,NA,NA,NA,NA,NA,NA,NA,NA,NA,NA,NA,NA,NA,NA,NA,NA,NA,NA,NA,NA,NA,NA,NA,NA,NA,NA,NA
2021-04-30,0.0,NA,NA,NA,NA,NA,NA,NA,NA,NA,NA,NA,NA,NA,NA,NA,NA,NA,NA,NA,NA,NA,NA,NA,NA,NA,NA,NA,NA,NA,NA,NA,NA,NA,NA,NA,NA,NA,NA,NA,NA,NA,NA,NA,NA,NA,NA,NA,NA,NA,NA,NA,NA,NA,NA,NA,NA,NA,NA,NA,NA,NA,NA,NA,NA,NA,NA,NA,NA,NA,NA,NA,NA
2021-05-31,0.0,NA,NA,NA,NA,NA,NA,NA,NA,NA,NA,NA,NA,NA,NA,NA,NA,NA,NA,NA,NA,NA,NA,NA,NA,NA,NA,NA,NA,NA,NA,NA,NA,NA,NA,NA,NA,NA,NA,NA,NA,NA,NA,NA,NA,NA,NA,NA,NA,NA,NA,NA,NA,NA,NA,NA,NA,NA,NA,NA,NA,NA,NA,NA,NA,NA,NA,NA,NA,NA,NA,NA,NA
2021-06-30,0.0,NA,NA,NA,NA,NA,NA,NA,NA,NA,NA,NA,NA,NA,NA,NA,NA,NA,NA,NA,NA,NA,NA,NA,NA,NA,NA,NA,NA,NA,NA,NA,NA,NA,NA,NA,NA,NA,NA,NA,NA,NA,NA,NA,NA,NA,NA,NA,NA,NA,NA,NA,NA,NA,NA,NA,NA,NA,NA,NA,NA,NA,NA,NA,NA,NA,NA,NA,NA,NA,NA,NA,NA
2021-07-31,67.79999999999998,32.14821826809011,909.3835292650057,28.290683524387482,649.4689591974515,2.3688588446842003,156.7379096426165,0.03810743987412598,NA,0.040757248819959624,0.05341132838840225,0.026946055293325624,0.035743088334458044,NA,0.028157788267027327,0.03760373117554542,0.03187233086086785,0.024829624634751007,NA,0.03850078669363911,0.04751022701730789,0.028307709597663135,29.094279613396232,NA,35.57775005619244,37.9041065407957,33.8586738592943,28.94329287480343,NA,35.17979770734988,36.803533378287206,33.49422566868976,29.394547089233704,NA,35.913519892110706,37.887655652955694,34.19227466846476,0.008244998876151335,NA,0.009238255787817683,0.017318948078219716,0.0023706450887839136,0.004637896156439642,NA,0.00828635648460346,0.01598449089683117,0.007642166779051319,0.004853225443919942,NA,0.01152348842436525,0.017877950101146543,0.009848954821308317,-1253.35174196449,-1723.0130366374558,-808.3379860642829,-1191.5563722184734,-1247.8199370645018,-1063.1283434479628,-1013.1215104517892,-972.349089683083,962.4560280062939,764.7418528208602,603.0172462098791,973.6221329840196,477.650704239767,NA,750.6447990559687,672.5597450913541,1017.8039034055727,19.8,5.787000000000001,44.94,99.0
2021-08-31,12.100000000000001,29.957591717308055,907.6678373655925,25.925881272401462,664.5253895731861,2.3641870519713235,146.3529038978492,0.040228494623653306,NA,0.056515232974910144,0.06945922939068054,0.03828225806451348,0.036749327956993004,NA,0.035352150537632666,0.04598857526881751,0.03935618279569989,0.02585327060931827,NA,0.04780712365591373,0.056260752688171906,0.037528673835123885,29.99854390680997,NA,34.10752240143379,35.37867383512548,33.32280465949827,29.90171594982079,NA,33.333310931899746,34.08970878136189,32.64976926523293,30.348203405017767,NA,34.24120071684596,35.23244399641592,33.50418682795691,0.01184834229390751,NA,0.02290591397849498,0.044583781362006664,0.007255152329749149,0.00505622759856629,NA,0.018926747311827724,0.03961021505376335,0.015512768817204233,0.0057161738351255926,NA,0.021518145161290993,0.0339437724014325,0.020926971326165212,-1194.4009856630894,-1323.896818996417,-197.1396505376347,-426.2768817204302,-1220.3286962365553,-784.3923835125421,-550.1333109318991,-422.3823476702526,1623.206142249109,1231.7426263440907,583.7067739471308,1480.7682053651288,476.4358308733917,NA,1207.1592942428294,855.745969104413,1579.0794075187973,15.27,3.48,42.7,76.03
2021-09-30,0.8,26.628791666666622,909.1459177083381,22.967839814814823,551.1007976091263,2.3054486111111148,129.96378356481503,0.039365277777775924,NA,0.03589120370370479,0.0322361111111115,0.02890717592592738,0.03676574074074305,NA,0.023442824074074695,0.021600462962963505,0.02875648148148364,0.026004166666665954,NA,0.029479166666666702,0.0233951388888896,0.024590509259258854,29.875574074074045,NA,31.513826388888866,31.85426388888889,31.48125694444447,29.73752083333326,NA,31.221590277777857,31.450238425925974,31.153215277777853,30.00263425925924,NA,31.361587962962975,31.487520833333278,31.315115740740705,0.009881018518519033,NA,0.010277546296296595,0.0017185185185186506,0.0032900462962963542,0.005222453703703604,NA,0.009015972222222592,0.0022541666666665685,0.00858865740740715,0.005951388888889011,NA,0.007917129629629434,0.0018791666666667219,0.011061111111111042,-1186.7637500000058,-10513.463402777776,-1043.6172916666692,-1418.3353703703874,-1226.537060185184,-2566.3141898148115,-1453.4876388888824,-1269.8914814814855,1251.5824202314816,726.373209004631,472.3881276620372,867.927741098016,460.37298546296296,NA,658.2905984953696,501.1055349074067,838.5019738095235,10.66,3.626,41.41,78.26
2021-10-31,24.199999999999992,17.080400313620054,909.7692736559105,32.75159543010756,420.6686603259817,2.5211682347670332,123.5321825716847,0.03737903225806639,NA,0.028511200716846253,0.06225156810035836,0.024384856630823792,0.03496370967741817,NA,0.017558243727599225,0.03663373655914005,0.025012768817204913,0.024409050179211102,NA,0.023973118279570535,0.06161424731182803,0.021320564516128737,26.038902329749146,NA,20.73657482078851,19.17769108422942,22.748590949820812,25.99442428315413,NA,21.163181003584224,19.824388440860236,22.8740322580645,25.995676523297444,NA,20.25528449820782,18.711197356630752,22.272271505376338,0.007897177419354617,NA,0.005362231182795928,0.029700716845878657,0.0020302419354838092,0.004188844086021405,NA,0.004047267025089419,0.02540994623655963,0.005255376344086068,0.004843862007168786,NA,0.0043624551971326855,0.03257728494623695,0.005776881720429822,-1811.7269489247335,-8987.365344982112,-2640.2330645161346,-3087.706249999969,-1516.5080421146893,-7384.948566308241,-13469.064247311831,-3528.039448924771,999.5059527329723,604.8590155241943,467.80580618279475,710.0776715552934,435.55140484087894,NA,568.1547099238346,538.8194679435484,702.8634389210023,2.259,6.474,32.39,98.1
2021-11-30,0.0,15.577202314814851,913.832614583337,23.983071527777817,344.2504649623553,2.68252106481482,105.56235995370405,0.03567314814814778,NA,0.02932060185185284,0.043191435185185166,0.022980555555557145,0.03354768518518496,NA,0.01772245370370397,0.029032870370370802,0.023992592592592274,0.022960416666666622,NA,0.0255182870370379,0.03691273148148174,0.020063425925927914,22.3166944444444,NA,17.51730092592593,15.755805092592595,19.07950231481476,22.321696759259275,NA,18.05625462962967,17.018937037037038,19.387888888888945,22.059148148148157,NA,16.527935185185182,15.114781250000036,18.19769907407403,0.006872222222222619,NA,0.006628240740740915,0.01407291666666671,0.0019729166666665582,0.0035907407407405998,NA,0.0050324074074074455,0.0151923611111116,0.004642824074074453,0.004066435185185023,NA,0.005909027777777589,0.018700462962963238,0.004758101851852306,-3159.9053935185293,-49150.86062499997,-6206.5335416667085,-10427.83291666668,-1914.5898379629787,-40474.57659722221,-32374.627106481486,-5736.751481481461,891.6715990740738,550.2299895833343,425.00837435185167,617.2800049784724,427.4475596064819,NA,508.669580601852,447.07086583333296,600.7820886428007,2.055,5.2189999999999985,27.59,88.6
2021-12-31,28.80000000000001,7.954178315412181,909.7929437499987,48.64969086021499,247.01526481139905,2.271492383512541,127.71057011648693,0.033765232974909604,NA,0.032073476702510074,0.074415770609319,0.0208859767025086,0.03173633512545044,NA,0.016125896057347832,0.03906787634408613,0.02206854838709733,0.02127934587813493,NA,0.03461872759856645,0.07550649641577094,0.0177786738351258,18.39916890680999,NA,9.80596012544806,7.568664650537638,12.521870519713312,18.480340501792078,NA,10.578697356630837,8.839777329749097,13.00605062724013,18.031288082437154,NA,9.008176523297506,7.052560483870974,11.552874103942687,0.006000224014337009,NA,0.007112231182795707,0.023601478494623965,0.0016431451612903077,0.0030813172043011525,NA,0.004543010752687984,0.01912253584229409,0.003427643369175603,0.0037107974910392558,NA,0.00826635304659502,0.02517338709677466,0.0034646057347669837,-5571.985618279577,-16750.279883512667,-52149.82081093207,-72023.43855286737,-2981.8218413978416,-13983.37735215043,-92285.85241935484,-43835.437522401466,807.6702594758042,514.7162375672057,429.41868710402014,566.9704528800987,421.20934283154156,NA,499.7482932571678,486.45171039426526,561.363409214845,-2.151,9.3,22.7,99.4
2022-01-31,1.7000000000000004,8.532283456269747,914.8906636890617,31.94953898840877,300.15522775149293,2.9591135405690214,100.70526527924136,0.0332237154150219,NA,0.047736758893280926,0.07119262187088272,0.02017891963109394,0.030000000000000936,NA,0.024317259552043155,0.04591857707509891,0.021708563899868805,0.020042951251647456,NA,0.0471191040843221,0.06493913043478161,0.023915415019762628,14.951198945981528,NA,8.855122793148897,7.7396453227931525,10.18430092226612,14.971501976284507,NA,9.383919894598149,8.889409749670623,10.593412384716723,14.526400527009173,NA,8.212075625823472,7.389697496706187,9.219928326745721,0.0060163372859027035,NA,0.012365480895916431,0.029925164690382592,0.0015802371541501089,0.0029702239789197115,NA,0.010400790513833628,0.026208432147563094,0.0032484848484848013,0.0032893280632410623,NA,0.012585507246377267,0.02641633728590312,0.0069857707509876675,-18544.19721374038,-85.51179389312976,-46.24106870229009,-100000.0,-5479.15770992363,-88.953893129771,-372.38866412213673,-74061.12259542005,741.733827200846,534.8179520558789,437.3823429362155,594.4650293176065,419.30451233526645,NA,491.57096159725893,482.1753896942547,581.8046721903661,-3.3080000000000003,8.18,20.41,96.3
2022-02-28,0.4,9.810812872023817,913.5497634672624,23.96833816964284,412.99475848127173,3.458072916666663,109.03122879464287,0.033560267857144575,NA,0.0396953125000006,0.047349702380952964,0.021279389880951866,0.030000000000000852,NA,0.021753720238095492,0.02882775297619104,0.022674107142858554,0.020011904761905813,NA,0.034899925595238045,0.03436197916666682,0.024648809523809663,14.738586309523807,NA,11.288956101190454,10.730925595238094,11.979657738095206,14.685569196428617,NA,11.549298735119057,11.313819568452383,12.176953124999958,14.312656249999959,NA,10.724083705357126,10.37924330357143,11.209799107142857,0.006395089285714298,NA,0.01063020833333347,0.01764657738095258,0.0018735119047617844,0.0029918154761905467,NA,0.008497767857143004,0.01403683035714284,0.00386607142857117,0.0036276041666665065,NA,0.010802827380952566,0.014647321428571431,0.007572916666666611,NA,NA,NA,NA,NA,NA,NA,NA,754.6036038318455,554.9715482514874,433.3277570684512,641.2333515981746,425.24529200148754,NA,510.42821056547507,463.47563258928676,614.429409616295,-4.936,4.562,23.99,93.2
2022-03-31,4.2,14.213550403225828,910.1459809811853,24.351034274193573,520.0313697944202,2.872481518817201,137.67876814516134,0.03407762096774295,NA,0.036151209677419915,0.03581653225806466,0.022686491935484717,0.03081586021505468,NA,0.020974798387096844,0.021204301075269008,0.023788642473118852,0.020954301075269157,NA,0.028563508064516203,0.025900873655914577,0.02294926075268853,15.946871639784948,NA,16.44412298387095,17.364637432795668,15.866008064516139,15.764176747311804,NA,16.169862231182858,17.126835685483883,15.63125672043011,15.556048387096798,NA,15.93933131720429,16.976887096774174,15.29734543010751,0.0065161290322582185,NA,0.010044690860215331,0.006430107526881801,0.0019388440860213724,0.003073252688172081,NA,0.007619287634408298,0.003661626344086106,0.004252016129032257,0.003928763440859943,NA,0.008470766129032038,0.006214717741935542,0.00678763440860236,NA,NA,NA,NA,NA,NA,NA,NA,824.8820274865601,608.1066523521499,447.5152246639781,699.399311545838,437.94943605510764,NA,573.2642807123676,470.72369462365583,659.979030624744,-3.172,4.144,31.86,92.2
2022-04-30,1.0,17.87024583333336,907.806838263892,20.5706979166667,658.594508647777,3.0359805555555623,157.63446909722185,0.03517013888888736,NA,0.03441076388888967,0.03722986111111141,0.024509722222222585,0.03230347222222132,NA,0.02110034722222282,0.02044652777777804,0.024999999999999738,0.022673263888890047,NA,0.027870833333333678,0.028151736111111818,0.022954166666667827,19.38612847222237,NA,22.168701388888884,23.644820138888914,21.237628472222223,19.067527777777745,NA,21.614385416666632,22.79309722222221,20.7530659722222,19.152166666666727,NA,22.014944444444435,23.565167708333345,20.975937499999965,0.006954166666666771,NA,0.009204861111111072,0.0062493055555554525,0.0018333333333332344,0.003834027777777522,NA,0.00668576388888886,0.0023788194444444542,0.0047833333333334735,0.004431944444444488,NA,0.006774999999999976,0.007095833333333088,0.006561805555555598,NA,NA,NA,NA,NA,NA,NA,NA,901.5393617013885,594.4572133333339,442.65766041666615,671.9717051240334,447.0382477430537,NA,568.8160369791655,464.514404270833,644.248830345978,0.972,2.738,31.31,90.9
2022-05-31,0.0,21.765084976694133,906.3571075654319,16.718600932233787,747.9019376891381,2.866196127644313,162.01752599498033,0.036261025457155836,NA,0.03045464324130578,0.029075295804948283,0.025473287916816665,0.03391717461455753,NA,0.01927178200071656,0.018381498745070043,0.026172104697024728,0.023826461097168163,NA,0.025279670132663908,0.020390103979921317,0.02355754750806773,22.12753675152386,NA,27.02440301183226,29.44110433847263,25.46714234492654,21.799340265328084,NA,26.37032628182141,28.028956615274375,24.910297597705316,22.077110075295778,NA,27.227816421656513,29.603248476156374,25.44496593761203,0.007113302258874053,NA,0.005208318393689522,0.0006629616349945885,0.0017231982789529256,0.004020078881319214,NA,0.003721405521692361,0.0007913230548583248,0.004994621728218235,0.004945141627823854,NA,0.0037002509860165093,0.000684474722122589,0.006745069917533246,NA,NA,NA,NA,NA,NA,NA,NA,913.1377215130874,589.3639234492636,451.007926174255,653.5542330208766,460.0192628899229,NA,570.7521233416991,474.58421541771185,643.2412657951145,4.152,3.718,37.0,57.14
2022-06-30,1.8000000000000003,28.213888888888842,907.1505763194444,18.286051041666692,752.6413933932348,2.5757961805555567,163.8060350694447,0.0376934027777754,NA,0.0286416666666671,0.029053819444444778,0.026858333333334,0.03551423611111128,NA,0.018794097222221706,0.01893229166666677,0.027376041666666535,0.02511979166666545,NA,0.02381493055555602,0.02078125000000025,0.02423125000000006,25.631187499999967,NA,32.33969791666664,35.42156944444435,30.078440972222182,25.36064583333337,NA,31.69312500000007,33.962579861111045,29.575052083333357,25.769746527777777,NA,32.772777777777875,35.744315972222246,30.262937499999982,0.007835416666666106,NA,0.0024302083333332183,0.0001618055555555557,0.0018635416666665625,0.004478472222222291,NA,0.0020395833333332085,0.00030000000000000024,0.0049923611111113075,0.005058333333333604,NA,0.0017663194444443807,0.00032083333333333356,0.00668576388888884,NA,NA,NA,NA,NA,NA,NA,NA,932.0999154513858,616.918281284723,474.21596989583367,662.6764930424039,476.75330347222206,NA,588.3560376736121,502.39304989583496,652.2905888173772,12.35,3.103,40.26,67.18
2022-07-31,55.40000000000001,30.77576738609113,908.8962043333314,25.31012171661118,710.6775383559675,2.504038105808363,152.1451564927859,0.0392607407407432,NA,0.03747518518518524,0.06414148148148104,0.026711111111111883,0.0365485185185208,NA,0.02505296296296258,0.04119037037037037,0.027062962962963778,0.026365925925926927,NA,0.0416903703703703,0.05781111111111099,0.024308888888889185,28.316822222222157,NA,34.20793703703708,36.22842592592594,32.67081481481483,28.061877777777852,NA,33.69220740740744,35.04271111111123,32.172388888888904,28.563588888888802,NA,34.63045555555558,36.49320000000002,32.99787777777776,0.008448888888888822,NA,0.008630740740740689,0.03344777777777756,0.001471851851851761,0.004897407407407638,NA,0.0064007407407406895,0.026073333333333178,0.0042470370370368046,0.005494814814814903,NA,0.014042962962962952,0.03151925925925908,0.0065714814814814,-1232.0727969348648,-552.6860153256713,-468.8469348659005,-1362.8446360153246,-1284.7588122605364,-398.1975095785438,-474.4517241379305,-1278.6944444444468,1077.115932591768,855.3492790048994,688.6065602001541,1085.6423043404275,493.1263625698315,NA,829.3491479245273,797.0113704706379,1124.7705180293538,14.98,4.813,41.75,95.5
2022-08-31,15.5,31.696071216617167,908.8554789198588,32.627401847575065,925.1770327715969,2.1404731679169067,162.95795268320796,0.04039509059029742,NA,0.04918001168907078,0.06994330800701401,0.03089596727060135,0.037000584453535316,NA,0.033861484511982266,0.04574108708357695,0.03481063705435343,0.02700876680303969,NA,0.04244301578024463,0.06161367621274199,0.0337066043249568,28.30353594389241,NA,32.436125073056644,37.57293395675046,31.25002337814147,28.15860315604907,NA,31.884967855055567,35.821911163062545,30.82286966686141,28.667738164815923,NA,32.79197545295149,38.100105201636495,31.492501461133934,0.010769454123112624,NA,0.0173513356562138,0.0358670150987227,0.0031986062717769994,0.005167247386759579,NA,0.01674099883855989,0.031800813008130015,0.012179442508711029,0.006407665505226352,NA,0.01579152148664363,0.03143437862950061,0.01630894308943097,-1281.8815911730528,-880.0648664343776,-613.9757839721249,-1283.522938443669,-1312.5488385598164,-624.8298490127758,-738.3209639953534,-543.5200348432061,1761.9939148061092,1450.4310134177188,816.7435089333322,1598.2304628918762,530.1510857664241,NA,1467.8327863897782,1034.4552010702387,1639.7925160843834,10.04,10.02,43.26,85.0
2022-09-30,11.199999999999998,26.95713012048201,908.5903702518996,30.676059552358126,593.4963550502595,2.139871302957642,139.7923061550759,0.03978631452581108,NA,0.03609243697479039,0.06406162464985905,0.029038415366146802,0.03732412965186224,NA,0.02445818327330961,0.04356462585034061,0.029032412965185526,0.027034813925570854,NA,0.035977991196479014,0.06422849139655819,0.025233693477390177,28.939991996798838,NA,30.617591036414577,31.689067627050783,30.451412565026065,28.722024809923987,NA,30.192384953981534,30.844685874349825,30.03300920368158,29.111712685074103,NA,30.49303321328521,31.582737094837892,30.371360544217698,0.009381447421031709,NA,0.00894162335065995,0.02759576169532195,0.002317872850859504,0.00539704118352693,NA,0.009221511395441835,0.028541783286685246,0.007628948420631871,0.0064674130347861245,NA,0.012680927628948397,0.03213794482207122,0.009071971211514943,-1238.515633746507,-1784.341943222711,-1172.2502998800446,-1475.1333066773336,-1286.0347061175426,-918.5590563774493,-1551.3333066773337,-1380.2733306677305,1408.8807399119326,841.7614980630641,597.3238366197173,940.6912038574233,491.0106519431277,NA,740.370278411683,711.2654867425979,901.1652282328686,10.17,6.945,43.25,88.8
2022-10-31,3.3,20.42632560483871,910.4280292338733,27.833278897849514,444.98609620393415,2.430930443548387,119.93290793010748,0.038715389784946125,NA,0.03211290322580535,0.04088575268817286,0.026178091397851343,0.03647244623655956,NA,0.02181418010752671,0.022875000000000357,0.02708669354838747,0.026182123655915678,NA,0.028067204301075916,0.031854502688172096,0.02329469086021617,27.041774193548395,NA,24.94914314516136,23.825987903225784,26.064163306451555,26.94124663978492,NA,25.067557123655995,24.014791666666664,26.047573924731246,26.987610887096828,NA,24.56290994623657,23.86641465053768,25.570809811828,0.00822681451612866,NA,0.006333669354838707,0.00668817204301059,0.0018797043010751755,0.00465389784946227,NA,0.006393481182795619,0.003929771505376496,0.005750000000000311,0.00557526881720461,NA,0.006313508064516446,0.007879368279569754,0.0059700940860218,-1513.9009744623681,-23843.34526209677,-1900.387735215055,-2141.2997647849475,-1398.94721102151,-15943.905107526885,-3633.8349798387117,-2125.559643817203,1108.9196363911308,606.3863142473119,441.4529611223105,703.1751949552493,451.8426445228497,NA,547.9418550739248,471.71168726478606,682.1839532990567,2.313,5.825,33.9,77.08
2022-11-30,12.599999999999994,9.317597916666653,911.8796700694445,33.07323611111108,325.8872774253325,2.820600694444445,99.40593888888883,0.036391666666666204,NA,0.026583680555556356,0.06839097222222178,0.022146874999999625,0.03401597222222231,NA,0.017222569444445023,0.03659270833333378,0.02360659722222353,0.023815625000001225,NA,0.03725937500000003,0.0666357638888885,0.01911944444444399,21.475940972222265,NA,12.603767361111116,10.030694444444453,15.564097222222234,21.53835416666663,NA,13.375833333333292,11.311713541666686,15.994923611111108,21.216604166666666,NA,11.848693055555545,9.982739583333341,14.652597222222226,0.006517361111111131,NA,0.003852083333333268,0.025121875000000148,0.0014913194444443661,0.003531944444444417,NA,0.0035524305555555235,0.018314583333333568,0.003706597222222119,0.004290972222221911,NA,0.00922083333333328,0.02409513888888907,0.003397222222222266,-3835.7207291666728,-19700.929444444522,-61209.28315972231,-53195.65225694453,-2062.153506944453,-18494.15756944448,-81766.64725694442,-29447.55079861113,917.9928624305574,529.3805815972227,434.84289635289986,597.6264225323623,437.05658676419466,NA,481.5401680902777,471.98904996527756,579.9777294927246,-1.474,8.39,24.74,96.2
2022-12-31,12.2,7.390998991935511,911.7172537634431,50.176911962365665,244.934794252735,1.6838655913978484,108.47690591397831,0.034491599462367115,NA,0.026890120967743784,0.07492305107526873,0.0208017473118291,0.03186592741935583,NA,0.016860551075268945,0.034717405913979225,0.022403561827956227,0.022154569892472213,NA,0.03337130376344099,0.07436827956989203,0.017855846774194245,16.754993279569806,NA,9.008360887096778,7.410442540322561,11.184687500000031,16.816878360215075,NA,9.691569220430127,8.43672950268819,11.610544354838689,16.355184811827936,NA,8.101844086021519,6.968402889784955,10.104361559139784,0.0055621639784949285,NA,0.004603494623655958,0.029997311827957333,0.0012261424731181928,0.003007728494623732,NA,0.003837365591397659,0.018474126344086097,0.003126680107526958,0.0036861559139783717,NA,0.008731182795698749,0.029644489247312243,0.003052419354838784,-10557.097278225803,-6948.540557795696,-93179.15987903226,-94360.5808467742,-3666.078259408574,-25256.042573924668,-99679.77694892474,-68558.3632728494,798.9666291666663,510.35944932795707,430.9762518145155,544.8685679952175,433.267695430108,NA,473.65892180779565,467.9706096102154,547.1491329229544,-3.649,15.95,20.01,97.8
2023-01-31,41.90000000000002,6.4370003360215176,911.0583795698889,55.743508064516,273.1837369727337,2.495906250000001,127.31827889784961,0.034134408602152146,NA,0.06153494623655864,0.12584240591397897,0.025737903225806404,0.030737567204301,NA,0.04001344086021559,0.07372883064516111,0.022761760752687883,0.021209005376344802,NA,0.06684173387096692,0.13080443548387202,0.044676075268818095,14.337775537634434,NA,7.533732526881715,6.426414986559136,9.112939180107515,14.334075940860272,NA,8.02357123655915,7.273294690860237,9.480728494623639,13.958723118279618,NA,7.318558467741946,6.387865927419346,8.495232862903233,0.005962701612903338,NA,0.014318212365591599,0.04115456989247385,0.0025477150537633756,0.0029926075268817964,NA,0.012416666666666753,0.030793010752688414,0.003390793010752753,0.00340389784946232,NA,0.015279905913978648,0.03474260752688193,0.01260517473118296,-38226.75517473107,-15.678293010752643,-3869.860584677383,-64129.905309139875,-7256.873118279577,-16.91236559139792,-12361.223487903211,-78787.00248655923,758.32113432332,568.3545325008428,480.8001310193014,643.9476813739717,474.25497873210514,NA,525.9146721565978,543.3002635167065,664.31233147722,-4.007,16.11,18.46,97.3
2023-02-28,15.49999999999999,7.578321800595238,910.485888318453,36.168145833333355,358.4054263866268,3.103058035714283,118.2193563988096,0.03457105654761688,NA,0.05531994047619021,0.08991778273809495,0.035633928571427914,0.030123883928572872,NA,0.037954241071429605,0.05175000000000046,0.030209077380951695,0.020741071428571928,NA,0.05302492559523795,0.08470386904761862,0.04387574404762073,13.131562500000019,NA,9.2462150297619,8.649435639880963,9.894513392857121,13.038002232142798,NA,9.397217633928577,9.110376860119054,9.963524925595236,12.667377232142831,NA,8.89762462797621,8.813549107142881,9.313317336309535,0.006792782738095188,NA,0.013715773809524046,0.03651450892857179,0.0047373511904762015,0.0029992559523810227,NA,0.012213541666666846,0.026205729166667132,0.00771763392857122,0.003553571428571282,NA,0.01356026785714314,0.03138727678571466,0.013404761904761905,-66001.58351934522,-85.31190476190469,-23.26796875,-91.26804315476194,-11144.946019345321,-259.55026041666724,-27.06450892857143,-222.3027529761892,788.1597246651777,634.2555976562504,446.8323145598201,692.4766781446543,430.11383651748787,NA,573.9382562872031,520.4979990327383,706.0599987363835,-4.937,5.524,23.79,97.8
2023-03-31,24.100000000000005,9.10388104838709,908.7617843413997,49.12051747311839,452.69202211842156,2.418797379032255,147.55529368279565,0.03478797043010514,NA,0.060968077956989726,0.11279435483871017,0.037009408602149296,0.03060819892473273,NA,0.03888944892473137,0.06219153225806414,0.031150873655912306,0.02151209677419304,NA,0.06104469086021562,0.11336659946236557,0.047040994623656,13.655248655913999,NA,12.013862567204278,12.198236895161305,12.098296370967727,13.483662634408613,NA,11.964646841397853,12.240694220430115,12.007725134408599,13.400601478494595,NA,11.986551411290332,12.347023185483865,11.873390456989261,0.007307123655913663,NA,0.01598454301075256,0.045353830645161936,0.005003024193548653,0.00313978494623656,NA,0.013699596774193513,0.03194926075268831,0.008585349462365851,0.003929435483870688,NA,0.01626041666666667,0.03913776881720479,0.015548387096773603,-44811.852688172294,-19.745396505376487,-16.478864247311677,-70.08813844086002,-9718.169556451676,-56.828293010752574,-24.25840053763443,-178.24610215053823,896.6662317540302,852.1311674059123,504.3782170756301,815.3400814332257,461.7213382521002,NA,691.3476686155916,685.2574929099468,906.904964213911,-1.134,8.46,21.5,97.9
2023-04-30,0.0,13.59935416666669,908.4133601388863,20.588730907780928,661.2939176431805,2.6010499999999985,144.4528336805552,0.03652812500000169,NA,0.04768993055555628,0.05754583333333362,0.03547048611111043,0.032231250000000156,NA,0.02732465277777832,0.0302878472222228,0.032153472222223485,0.023419791666667168,NA,0.04269583333333386,0.04720381944444502,0.03951041666666735,16.90069791666667,NA,20.89518402777777,22.87694479166669,19.35493055555555,16.55922222222225,NA,20.156871527777763,21.967587152777813,18.80381250000004,16.864618055555557,NA,20.766774305555643,23.36690000000002,19.19737847222224,0.008255902777777553,NA,0.014913888888889027,0.021965625000000134,0.004994097222222307,0.0038753472222219755,NA,0.011590625000000037,0.012972569444444498,0.009550347222222422,0.0047138888888891,NA,0.015000347222222175,0.020338541666666803,0.015904513888889187,-10516.700451388826,-15025.403993055557,-177.03965277777812,-339.58496527777754,-3911.165972222203,-6913.754027777759,-1567.8927083333317,-700.1965972222246,1335.135298611114,1059.359577888942,537.5837735471863,1112.1790156862758,470.2874247123571,NA,1068.9446542013884,602.5631897448748,1080.2000038703861,-4.975,0.004,34.55,73.15
2023-05-31,6.499999999999999,20.92294663964879,906.6955689202845,28.097141607803653,697.612767952024,2.1766804574503853,145.81996939118744,0.03802759084791181,NA,0.03692025572005364,0.04838324360699835,0.030182032301481424,0.034899057873484234,NA,0.024310228802153565,0.02429777927321688,0.029390646029609818,0.025516823687752675,NA,0.03269313593539741,0.046126514131897625,0.027370457604307594,21.604811574697138,NA,26.770467698519575,28.756776581426678,25.24684724091523,21.271857335127798,NA,25.942705248990585,27.317133243607007,24.644454912516764,21.842927321668945,NA,27.073283983849237,29.308825706594916,25.436191117092882,0.008305079044735547,NA,0.010457114026236235,0.013414059872183018,0.003102253615876306,0.004917255297679407,NA,0.008621930709721042,0.0047114026236124455,0.007812647157753132,0.006055835856037853,NA,0.010401278170198508,0.020242179616548908,0.01223074335687893,-3723.3732929700604,-13177.565085771985,-1195.7247323340455,-1762.1789614561017,-2057.8761520350113,-7846.759796573868,-1974.256071308436,-1892.852355460389,1389.3595510631146,862.7574819439751,548.6965293819657,1048.9708458279288,479.6718375978224,NA,858.5274303746191,590.128452405148,1079.4103408117232,2.94,4.428,35.17,77.46
2023-06-30,2.8000000000000007,24.091853268428316,906.4411681250037,24.073432986111094,759.8478688154917,2.2057138888888903,163.8379291666665,0.039000000000001235,NA,0.03431874999999954,0.03807534722222264,0.029313194444444537,0.03629270833333584,NA,0.023022569444444946,0.022389930555555874,0.029395486111112056,0.026836805555556308,NA,0.03264618055555587,0.0305798611111113,0.026855902777778558,24.670055555555603,NA,30.470822916666627,33.2706736111111,28.68371527777785,24.392833333333343,NA,29.527437500000023,31.299493055555544,28.08311111111113,25.104350694444374,NA,30.90896875,33.86167708333328,29.059430555555572,0.008604166666666658,NA,0.006945486111111072,0.0017937500000000462,0.002470486111111038,0.005055902777778067,NA,0.0057635416666667804,0.0015694444444444258,0.006935416666666769,0.006732638888888984,NA,0.008879166666666743,0.003772222222222129,0.01136597222222192,-2039.7006944444345,-8008.7559027777625,NA,NA,-1628.1101388888799,NA,-1418.0001736111064,NA,1264.2205750000007,737.5621557291669,476.6506161805543,878.8693201957284,481.2711838541666,NA,709.483972881944,515.8301557638889,863.5555117447128,10.05,1.124,38.9,82.2
2023-07-31,0.0,32.45890719569604,908.560076411289,15.162857526881675,747.4810740841667,2.166902889784944,167.1702211021509,0.04017714285714249,NA,0.03151915322580597,0.03357610177192171,0.0302022849462377,0.03782829301075202,NA,0.021896505376343533,0.02119254032258085,0.03082627688172121,0.028309139784945803,NA,0.02756955645161303,0.025440336134454126,0.027769075630251997,28.03537970430105,NA,36.91835685483869,38.86769153225903,33.861562500000005,27.761172715053675,NA,35.95339717741942,38.63049059139787,33.302479838709694,28.512321908602214,NA,37.24038978494622,41.10584341397838,34.12685147849459,0.0089784946236562,NA,0.0026549059139784237,4.502688172043014e-05,0.00238340053763432,0.005417002688172226,NA,0.0026770833333332683,0.00030577956989247333,0.006622983870967692,0.0069879032258066045,NA,0.002584341397849381,0.00023588709677419372,0.011563844086021437,-1301.9179580014525,-2825.3671005061456,NA,NA,-1327.9746642468156,NA,-1121.1328623188415,NA,1198.769014784946,706.0092134744611,486.95190467069835,817.2163613644937,500.8926502016133,NA,689.9042167674738,532.745465389785,820.7359815735712,16.56,1.844,44.47,42.29
2023-08-31,57.6,28.862377384196137,909.2035439516144,29.05536659946244,630.7174129048741,2.322464381720435,146.62907090053758,0.04175436827957052,NA,0.04853461021505294,0.08729252259654924,0.029987899159665314,0.03899260752688294,NA,0.03229065860215108,0.048943212365591134,0.029700604838710908,0.028993615591398222,NA,0.054251008064515965,0.07804840336134528,0.03754637096774301,29.649915994623566,NA,33.175349462365546,33.333870967742754,32.56023521505378,29.4458534946237,NA,32.691424731182785,33.0427856182796,32.14503696236557,30.07961021505372,NA,33.23161626344082,33.94560483870968,32.7133400537634,0.010023185483871188,NA,0.015264112903225824,0.05659240591397943,0.0024156586021504235,0.00568481182795719,NA,0.012201276881720437,0.03451848118279615,0.005452956989247261,0.007001680107527031,NA,0.022499327956989553,0.04272916666666711,0.017758064516129067,-1153.3875739644943,-1792.458431603769,NA,NA,-1180.4321852731612,NA,-1161.3743635287144,NA,1392.4799574596784,1079.7236224462372,672.5570706144882,1264.0890326773279,507.43100979515805,NA,1043.9270918682776,893.031761361293,1314.6888805545134,17.38,2.705,40.4,93.8
2023-09-30,10.999999999999998,24.889435351882163,909.0692949263491,32.73798649754499,573.8847125642621,2.4091955810147363,131.29328968903457,0.04178764320785555,NA,0.04510515548281562,0.05359791122715385,0.03445294599017964,0.03893985270049193,NA,0.029443126022913938,0.0360409165302784,0.03245335515548325,0.028930851063831028,NA,0.039200490998363285,0.05313011456628567,0.03253764320785724,28.652193126022837,NA,30.133359247135893,27.240392798689957,30.085503273322427,28.480679214402606,NA,29.714521276595683,29.746747135842924,29.703453355155556,28.975806055646487,NA,30.013657937806894,30.103371522094957,30.022712765957408,0.011059328968903723,NA,0.01588911620294629,0.035193944353518566,0.004427986906710122,0.005822422258592632,NA,0.013796235679214576,0.019412847790507545,0.008881342062193173,0.007244680851063705,NA,0.014855973813420645,0.024339607201309336,0.01636538461538441,-1251.288113695091,-8810.509896729782,NA,NA,-1285.7093103448287,NA,-1047.8495697074018,NA,1623.1036851395734,1141.3185749589509,593.8615423645329,1239.1137858590705,493.3061082729218,NA,1045.4132875205244,685.1173865763557,1261.4176585955302,11.55,6.354,37.89,87.8
