---file metadata---
location: JTree
date generated: 2024-05-08 12:36:42.462265
writer: sawyer.io.sawyer_out
writer HEAD SHA: d80c2a65b5cb7e9395ba8256543121646b55ef7d
called from: make_daily_files.py
-------------------
Date,Rain_mm_Tot_sum,AirTC_Avg_avg,BP_hPa_avg,RH_Avg_avg,PPFD_Up_umol_Avg_avg,WS_ms_Avg_avg,WindDir_MEAN1_WVT_avg,VWC_1_2_avg,VWC_1_25_avg,VWC_1_5_avg,VWC_1_50_avg,VWC_1_80_avg,VWC_2_125_avg,VWC_2_2_avg,VWC_2_25_avg,VWC_2_5_avg,VWC_2_50_avg,VWC_3_125_avg,VWC_3_2_avg,VWC_3_25_avg,VWC_3_5_avg,VWC_3_50_avg,TS_1_2_avg,TS_1_25_avg,TS_1_5_avg,TS_1_50_avg,TS_1_80_avg,TS_2_125_avg,TS_2_2_avg,TS_2_25_avg,TS_2_5_avg,TS_2_50_avg,TS_3_125_avg,TS_3_2_avg,TS_3_25_avg,TS_3_5_avg,TS_3_50_avg,EC_1_2_avg,EC_1_25_avg,EC_1_5_avg,EC_1_50_avg,EC_1_80_avg,EC_2_125_avg,EC_2_2_avg,EC_2_25_avg,EC_2_5_avg,EC_2_50_avg,EC_3_125_avg,EC_3_2_avg,EC_3_25_avg,EC_3_5_avg,EC_3_50_avg,PSI_1_2_avg,PSI_1_25_avg,PSI_1_50_avg,PSI_1_80_avg,PSI_2_125_avg,PSI_2_2_avg,PSI_2_25_avg,PSI_2_50_avg,CO2_1_25_avg,CO2_1_5_avg,CO2_1_50_avg,CO2_1_80_avg,CO2_1_SURF_avg,CO2_2_125_avg,CO2_2_25_avg,CO2_2_5_avg,CO2_2_50_avg,AirTC_Min_min,RH_Avg_min,AirTC_Max_max,RH_Avg_max
2017-01-31,41.800000000000026,4.885203674867633,876.1313618691638,62.37259420741189,250.2123254025033,2.8054241669261977,118.00480224229226,0.049179278986682964,0.10889158878504798,NA,0.10173271028037682,0.061255140186917266,0.012990965732087379,0.06007476635514,0.08556074766355179,NA,0.09122647975077919,0.026226479750779953,0.05591588785046693,0.09842803738317918,NA,0.10015638629283664,4.605266666666675,5.955838940809974,NA,7.28679345794392,8.800305607476648,11.275295950155728,5.151846728971966,6.582846417445487,NA,7.703273208722773,10.66543613707164,4.345022741433017,5.558590965732092,NA,6.9528012461059365,0.007492834890965817,0.03510903426791273,NA,0.034451713395638704,0.017699065420561304,0.004162616822429836,0.020291588785047065,0.037988161993769955,NA,0.024060747663551565,0.0053454828660437215,0.01152897196261704,0.026252647975078782,NA,0.02893551401869148,-32.41358715887817,-31.63356874766375,-36.35284692834848,-23.847387704049652,-100000.0,-21.825286644859712,-22.046677629283387,-25.19603293146417,NA,NA,NA,NA,NA,NA,NA,NA,NA,-3.924,17.46,17.65,100.0
2017-02-28,39.10000000000006,9.075497022332513,874.9713764209507,56.41745409429283,315.09895885361857,2.3644429280397032,153.450490074442,0.025869165839126598,0.11015243296921612,NA,0.10549404170804488,0.07190441906653403,0.018194141012909455,0.04580213505461739,0.08699006951340693,NA,0.09690863952333734,0.04116261171797378,0.04263182720953335,0.09657671300893664,NA,0.10212785501489696,9.829717725918583,9.894026315789507,NA,10.110382820258167,10.36127432969221,11.637991062562106,10.278558589870915,10.707885302879864,NA,10.782469712015848,11.205520109235326,9.75315218470704,9.864836146971216,NA,10.122310824230413,0.006632911392405174,0.04465475304045763,NA,0.04004442789774225,0.020968230330107265,0.023232315711094364,0.019997766195085837,0.04438173243981223,NA,0.03637900223380527,0.028809878381732656,0.01088880615537372,0.030697443534376027,NA,0.03391859022089909,-33.92943793993555,-19.7091275403323,-15.181796850334967,-15.412756883593982,-50191.62768117414,-26.265196522710507,-18.031666036237365,-19.59248262099767,NA,NA,NA,NA,NA,NA,NA,NA,NA,-5.114,12.6,23.91,100.0
2017-03-31,0.2,12.99532336956521,877.6083457246959,29.56765751121075,486.99472607827806,2.563090888638923,124.67335401785724,0.011962332301341663,0.10363141923435865,0.0422503617945006,0.09985690943044147,0.07202824463118469,0.0359759570494894,0.036545330915684696,0.07962698412698489,0.03852598652550531,0.09026844070961777,0.05504598506069612,0.03320806890299178,0.08680648926237405,0.038357074109721015,0.09499999999999982,13.731511332728916,14.474951362305848,17.694545861297556,13.90362530961496,13.262670119342461,13.62618644449448,14.271162284678171,15.395862868723267,17.916478747203602,14.571209187119994,13.350837874352564,13.90458295557573,14.595273812204391,17.839242953020168,14.010479621706812,0.0053254759746147575,0.0532239477830301,0.017448368350469326,0.045975917173083136,0.023061444969615392,0.049322529822192866,0.020503173164098012,0.043889038937654445,0.02309655789003151,0.03928516767949562,0.031580238577540096,0.011144152311876815,0.03512671618275945,0.013973178363880423,0.03699594868332415,-32265.913743239984,-19.69162988562064,-15.646628559757003,-15.811144834267122,-38.12298779645149,-19676.176126701677,-20.366163653127824,-21.827885200747133,1407.8972871937635,619.1174316258358,1993.3582501111107,2564.6342533333336,351.83022527839665,2475.6567844444476,1501.1384388888896,718.5530468819594,2208.687223999998,-4.0939999999999985,3.159,27.44,86.3
2017-04-30,0.0,20.16,875.0375193345317,20.766501347708875,558.1584401509264,2.552598006644516,175.99305714285714,NA,0.09074570637119032,0.02921218836565135,0.09017950138503954,0.0664991689750679,0.035681440443213024,NA,0.06579833795013822,0.02746038781163473,0.07653628808864206,0.05304376731301881,NA,0.06728698060941797,0.02278614958448764,0.08188642659279712,NA,16.938559556786718,17.673407202216072,16.50344044321326,15.9606759002771,15.88421606648194,NA,17.329329639889217,17.72896398891966,16.70157894736844,15.831844875346244,NA,16.806354570637104,18.10437063711911,16.402792243767326,NA,0.057277562326870535,0.007635457063711987,0.04752686980609416,0.02301329639889252,0.03984542936288078,NA,0.044248753462604054,0.01805318559556773,0.03940720221606571,0.029454293628810184,NA,0.0345667590027696,0.006115235457063711,0.03702936288088621,-62271.830020498615,-19.59707449861484,-18.002946925207773,-19.543624664819948,-46.40557485872575,-72523.69156620506,-40.47590063157893,-29.422536864265844,1287.1210986754963,567.9970168874167,1887.3138112582799,2545.1471710816777,358.8403919426054,2584.6664194260493,1436.3592019867547,644.790275386313,2148.127549668873,20.03,0.812,20.3,59.07
2017-05-31,1.1,19.984187706773525,873.2193850435066,24.544065856585885,690.3453923893956,2.535975632614802,161.9932405151407,NA,0.06076162280701627,0.0120556529360212,0.06181907894736797,0.0576874726237399,0.03268882571616177,NA,0.046397769516725106,0.016606736657917662,0.04902164880822585,0.04932799824600083,NA,0.0487645253233953,0.012403109262097681,0.04821683841262964,NA,22.53147896581942,23.03460560911483,21.7964833479404,20.75721297107794,19.427434268185795,NA,21.555210341805477,20.996406660823784,21.041382559158627,19.85028264680112,NA,22.29754820333048,22.65852103418049,21.652405784399633,NA,0.05875421743205423,0.0006608481724461362,0.04374297094657344,0.025679475164012353,0.03898523898780924,NA,0.04228362230552818,0.003182755388940656,0.027953139643856983,0.028570173383314523,NA,0.03412066541705475,0.0010206185567011067,0.028518861293344053,-43726.89799561491,-170.86580384126287,-254.09941000657753,-40.1563679456251,-70.64900756294998,-59214.813798508774,-2148.5421147336288,-2349.2584462837294,1569.9117205033053,572.0566528913654,2358.900883963228,3162.3808277215294,372.03960477099196,3140.82024251188,1285.821105466165,571.017653666597,2130.0960156077786,-11.37,3.394,34.07,85.3
2017-06-30,0.0,27.177274914648088,873.859675132356,15.955624686542205,722.0043972183439,2.4214615740740704,180.17775887789853,NA,0.05127972819932139,0.0075869074492098945,0.0530696489241207,0.050400677200901786,0.03199999999999847,NA,0.03920554926387224,0.013520316027088013,0.05156908267270694,0.04602376910017047,NA,0.03820615034168563,0.00862818336162981,0.04861560364464812,NA,29.803465011286693,31.62721218961627,28.43580699774263,26.622720090293534,24.337934537245992,NA,28.28360045146727,28.01817155756204,27.294943566591424,24.886992099322804,NA,29.38950338600447,30.588064334085743,28.160795711061017,NA,0.061382986111104446,0.0004234953703703366,0.041364236111107455,0.033086111111114945,0.040223263888886335,NA,0.03721979166666458,0.0014844907407405284,0.02674317129629924,0.028141550925921997,NA,0.026929745370374705,0.0004202546296295962,0.029988310185186613,-19090.387625014075,-1360.5150368421016,-1643.3854527447709,-81.55610206564756,-101.67279377411826,-19076.339006791142,-1917.6900221339401,-1637.679489784337,1517.8531838364208,589.5880728140173,2361.491084088709,3471.074905550152,394.94266097973014,3369.340317818904,1142.345772677702,557.3355993184017,2002.679823317271,-1.703,0.204,41.46,68.85
2017-07-31,34.5,29.712564057254028,877.017749675925,26.15829995371087,650.831789130729,2.135455405755765,172.29293764231912,NA,0.04621368150055299,0.012148584038249397,0.051837072453111074,0.050955866127252836,0.03130378815741177,NA,0.03903898492092766,0.01886575947039362,0.052879367414489155,0.04435412844036757,NA,0.03860684075027534,0.01419345347554262,0.04868293577981846,NA,32.02987863184987,34.701026112541236,30.392478852519446,28.482739977933264,26.204027215888065,NA,30.931596175064264,31.99678558293472,29.3763184994484,26.745991173225427,NA,31.956506068407467,34.5150275836705,30.210408238322927,NA,0.04539789964993958,0.005991572669519116,0.04156514974717888,0.027674834694670913,0.0426730195773416,NA,0.028322831583041854,0.00976040451186306,0.022275638532345918,0.024734344612992232,NA,0.019816413846751018,0.0050798651627124115,0.031270193180347544,-3865.7965051338465,-1333.8575243857772,-1739.7569889988993,-131.78401811514487,-76.61373154748615,-3372.358235790236,-1592.0424884488505,-1464.3770773744102,1473.584470065929,807.2383735824129,2192.2095895328707,3244.5953989890004,392.8602265319561,3709.6532825417758,1453.7322719340652,809.8081195030784,2249.7539641003373,12.04,1.6980000000000002,43.92,97.9
2017-08-31,8.2,27.668688524590156,875.8931684139773,28.873119399641602,599.8930912746505,2.2924094982078858,143.3473949372758,NA,NA,NA,NA,NA,NA,NA,NA,NA,NA,NA,NA,NA,NA,NA,NA,NA,NA,NA,NA,NA,NA,NA,NA,NA,NA,NA,NA,NA,NA,NA,0.03299999999999923,0.04499999999999641,0.038999999999997564,0.02599999999999919,0.04300000000000403,NA,0.07999999999999945,0.07299999999999722,0.015999999999999376,0.02100000000000072,NA,0.056999999999994756,0.04200000000000144,0.028999999999999,NA,NA,NA,NA,NA,NA,NA,NA,1551.8157336697554,662.9740588449688,2246.913294925706,3139.0025864872496,375.7907229885059,4027.462028595473,1788.0467947855384,750.7232358284245,2666.9676918979453,15.91,7.875,38.07,81.2
2017-09-30,30.500000000000004,22.020183187946138,875.3617357821599,36.163494785631556,518.9502559174225,2.433637079953649,119.06264681344153,NA,0.045691790516632226,0.04635138004246368,0.04653786270346935,0.047610403397026935,0.028067232837933553,NA,0.07520028308563208,0.0497622080679413,0.04966418966737615,0.0397038216560518,NA,0.06807041755130888,0.04509554140127487,0.0460389242745941,NA,24.606315417256074,23.701103253182453,25.552164073550266,26.358384016973222,26.539886845827493,NA,24.858649222065058,24.18511315417258,25.451969589816148,26.787245403111708,NA,24.1764250353607,23.779466053748223,25.1001944837341,NA,0.04142456546929366,0.025828736964079467,0.03498030127462384,0.023370567786791332,0.03996199304750928,NA,0.08332421784472725,0.05184797219003354,0.017992815758980867,0.018027809965238985,NA,0.0508426419466975,0.030060023174971612,0.027675318655851766,-21476.875795053013,-2184.8240282685533,-2444.4005300353388,-556.8241696113081,-81.79159010600725,-2668.6587279151913,-68.5508833922262,-1462.5540282685458,1400.732173679656,833.5781929581539,1960.1525795093737,2616.4580784992772,362.6912368831174,3575.726122077932,1612.8700724386752,1068.6050977200575,2319.990614141415,3.705,12.56,35.83,94.7
2017-10-31,0.1,17.870196891191668,877.3730020161321,21.696015456989212,434.0274244250619,2.7843942652329723,113.88308602150533,NA,0.04493615591397984,0.01712320788530502,0.04528696236558721,0.0452679211469553,0.02626792114695315,NA,0.04955353942651983,0.023079077060932842,0.04866890681003887,0.03839605734767233,NA,0.045260304659501274,0.015660394265233035,0.044785170250899946,NA,20.969961917562728,19.618295250896054,22.015210573476697,22.91839829749126,23.581447132616507,NA,21.914959677419354,21.40053091397838,22.36480734767031,23.506787634408557,NA,20.485100806451676,19.908485663082526,21.43594534050178,NA,0.04421482974910641,0.0007522401433691202,0.0313194444444463,0.020027105734769717,0.03490927419354869,NA,0.058966621863798065,0.009965725806451846,0.0163859767025097,0.014759408602151804,NA,0.032079749103942796,0.003209901433692064,0.02539695340501967,-56494.79083781357,-3098.4717965949894,-3399.36373207891,-747.975851254471,-154.6213261648743,-41444.01001344103,-1216.16704749104,-2084.9832885304654,936.102653006681,467.6100168708241,1388.9004059019999,1906.5392163140298,360.4688247494435,2749.252886135849,1045.5795647550106,497.91241662026596,1629.0044223273946,3.569,5.4689999999999985,29.67,82.5
2017-11-30,0.0,13.626860155382932,878.6269454124158,36.56688484708072,296.90899760182975,2.2209402224281756,138.1879520389249,NA,0.041771031286210604,0.010858864426419652,0.04375156431054664,0.04214391657010365,0.024608806488992503,NA,0.04248157589803111,0.01759490150637354,0.046786558516798235,0.03692050984936494,NA,0.040500115874853436,0.012375202780996852,0.042430127462341524,NA,16.312224797219002,14.127692468134418,17.998894553881826,19.48342526071834,20.913103128621103,NA,17.584081112398568,16.363290845886457,18.6938910776362,20.59921668597943,NA,15.966062572421754,14.406056083429927,17.566067207415927,NA,0.037056997219648585,0.000642029657089853,0.027693002780351826,0.017251158480075354,0.030723818350325734,NA,0.042281742354032426,0.0036568582020388373,0.010370945319740482,0.01207089898053818,NA,0.02448192771084415,0.0019365152919368783,0.02189365152919356,-78979.6480305838,-12776.075185356842,-12962.053707136238,-1127.9763670064888,-512.3515523632985,-80419.05653382766,-4071.6630213160397,-5610.1416357738635,684.5641442041535,407.13841753171965,1028.3256262687414,1446.2957312860417,356.7678104671284,2280.8370568050736,747.0179543829306,417.6020104671284,1222.603111014992,1.473,6.3420000000000005,28.66,91.1
2017-12-31,0.7000000000000001,9.415616434759777,880.9980442204333,18.59962701612906,262.54239432619215,3.132102598566318,101.52004211469546,NA,0.038702732974912515,0.007912186379928401,0.041686827956988436,0.039154121863802606,0.02321729390681065,NA,0.03934431003584181,0.014689964157706403,0.04323006272401753,0.03536514336917389,NA,0.03703763440860376,0.010172267025089814,0.03999641577060832,NA,10.907024865591364,8.445431675627214,13.043593189964204,15.16045474910397,17.443165322580608,NA,12.468604390681055,11.074383512544781,13.950990143369133,17.00317652329745,NA,10.700668010752704,8.747831093189971,12.722889784946258,NA,0.029730510752688805,0.0006211917562723579,0.02372065412186402,0.01457862903225925,0.027299283154122344,NA,0.03295407706093249,0.0022905465949821318,0.008550179211469746,0.010735663082436732,NA,0.019461245519713982,0.001277553763440885,0.018550851254479965,-93853.90380824366,-90193.43129480284,-72324.6480958782,-2284.6853270609163,-1853.7397849462272,-96358.87311827957,-16467.878158602154,-30942.993637992797,549.7803039073411,384.42560429807395,793.4424015071176,1088.459974267376,359.58135933575187,1738.5649263187247,625.5751814122244,393.6684812447667,960.7743518838978,-4.766,3.786,22.6,58.27
2018-01-31,23.000000000000004,9.672726190476183,880.6862607526842,40.76226478494608,271.0678592688721,2.489632840501788,103.39562432795734,NA,0.04207862903225785,0.0460073924731177,0.04075179211469207,0.03744310035842556,0.022413530465950744,NA,0.07179009856630807,0.05245721326164871,0.0547284946236575,0.034267697132616515,NA,0.06684811827956845,0.0486913082437272,0.04788440860214923,NA,9.68544892473119,8.367840277777791,11.155891577060913,12.738281810035879,15.039366039426532,NA,11.45083109318996,10.781800851254468,12.243595430107542,14.455365143369198,NA,9.732180331541217,8.998424507168465,10.939220430107534,NA,0.03197289426523401,0.01342876344086042,0.022378136200717772,0.013202508960573007,0.024399865591397684,NA,0.05933915770609291,0.025584453405018092,0.02224932795698943,0.010029345878136104,NA,0.028715725806451875,0.01796684587813656,0.021440188172043354,-23547.89596774198,-66340.98604390703,-94726.03953853055,-3313.1756272401353,-4232.486043906796,-25609.184811827938,-2089.772222222215,-14942.81933243737,684.0816768503068,549.797601530328,900.5414246243761,1052.7820732316666,361.4580299666109,1577.7911833611513,820.3266307735109,565.7327908736794,1065.6978294657758,-17.82,9.03,21.59,100.0
2018-02-28,4.500000000000002,7.382392541986913,877.5088053571424,35.82763541666666,363.80153604149416,2.4011190476190416,137.21312053571424,NA,0.0571778273809512,0.043849950396825446,0.04109821428571217,0.037258928571430795,0.022667162698414522,NA,0.06728249007936588,0.038604910714286345,0.05957886904761823,0.03389583333333493,NA,0.05588789682539485,0.03210292658730206,0.05747743055555724,NA,10.19431870039684,9.028862103174585,11.212380952380913,12.212514880952456,14.172844742063488,NA,11.704959573412683,10.948587797619087,12.289372519841278,13.585801091269893,NA,10.095938492063516,9.497776041666691,11.016490575396803,NA,0.04840897817460307,0.013732390873016077,0.02299801587301777,0.01285912698412706,0.023745287698412214,NA,0.06113442460317439,0.02580431547619125,0.030692212301588664,0.010276041666666359,NA,0.02895734126984182,0.01552058531746042,0.02664657738095322,-61384.86971726195,-246.751140873016,-94507.01140873034,-3956.269717261891,-4996.778670634938,-41706.811359127,-44.76746031746031,-86.4405753968253,666.3380004915518,425.2448709677436,894.5036460522264,1035.510070677262,362.7658561904769,1573.3434970814126,756.5411070660504,457.2657776036868,1046.650667956989,-8.7,6.9910000000000005,22.16,99.9
2018-03-31,0.0,10.040616653365253,876.6903157258062,43.94114247311825,438.6661861473566,2.4101875000000046,154.01618010752637,NA,0.0617856182795706,0.06057504480286719,0.042288978494627115,0.037516129032260016,0.022063620071685226,NA,0.0748295250896071,0.06202620967741928,0.0564339157706105,0.03380824372759954,NA,0.0684466845878139,0.06022020609319034,0.056177195340503944,NA,12.039995071684618,12.292493727598604,12.058389336917495,12.266066308243738,13.422399193548333,NA,12.71540905017925,12.702228718637977,12.540120967741965,13.08270161290329,NA,11.88008803763439,12.42121751792114,11.883472222222169,NA,0.05465636200716853,0.02008602150537686,0.02442450716846001,0.012943772401433715,0.022792114695339875,NA,0.0649511648745524,0.03478293010752701,0.02864314516129107,0.010573476702509623,NA,0.032345654121864034,0.026128360215054245,0.026651657706093592,-10949.8788306451,-137.5503360215055,-84993.76521057365,-4140.077755376377,-6236.512634408615,-4315.310304659492,-51.35804211469575,-157.76727150537596,833.5297002225335,624.1886618915154,1048.1599980806684,1123.2149215859058,364.4731773296239,1523.9875421418612,950.6215455354645,647.6262567732964,1202.7316833379696,-3.297,8.43,26.48,100.0
2018-04-30,0.0,16.050329980441486,875.7824581250018,25.970041435185166,601.2171534497218,2.494898842592593,166.37474722222225,NA,0.06382476851851837,0.03114282407407441,0.04657407407407424,0.03996759259259389,0.02364375000000061,NA,0.05437615740740619,0.02895601851851901,0.05258240740740526,0.0356115740740747,NA,0.055917129629630066,0.02673379629629656,0.05641064814814812,NA,19.636493055555533,20.770497685185145,18.58933333333337,17.162641203703725,16.453807870370447,NA,19.841425925925865,20.518740740740725,18.62131712962967,16.524435185185244,NA,19.656479166666642,21.097559027777763,18.67034722222229,NA,0.06641759259259232,0.007253240740740993,0.03130370370370436,0.015437037037036725,0.024321527777778063,NA,0.05696851851851869,0.015210879629630195,0.026670138888889156,0.011805324074074388,NA,0.03466805555555605,0.010292361111111379,0.030524305555556387,-43262.48398148147,-261.31157407407403,-5826.134652777769,-2508.620185185161,-3967.5555555555798,-33813.30611111111,-1059.5921296296299,-1221.1439583333356,1267.7221440565452,566.033524379688,1606.5097270628974,1722.1934447513818,378.1756457588004,2045.5312931332917,1175.8350889497992,569.8282050490469,1667.3954472013809,-1.787,6.131,32.24,84.9
2018-05-31,21.400000000000023,19.395900878638116,874.3548198252724,32.33303696236561,670.5695419892546,2.1270199372759824,176.14434722222185,NA,0.050490815412187855,0.03175201612903272,0.04782146057347804,0.04209206989247576,0.02443458781362262,NA,0.04979233870967594,0.04158243727598516,0.04491353046594677,0.03725761648745886,NA,0.0513651433691778,0.03511312724014233,0.04701948924731037,NA,24.103225806451608,25.650586917562826,22.80779793906813,21.24336469534049,19.672970430107462,NA,23.20290770609313,23.40816308243724,22.07626120071676,20.21030241935488,NA,23.95994175627245,25.396581541218623,22.7957661290322,NA,0.0549457885304673,0.007851926523296898,0.03475448028673725,0.017359767025090116,0.025006944444446247,NA,0.056562724014336055,0.02522244623655951,0.01726545698924769,0.012616487455196756,NA,0.034889112903225834,0.014115591397850086,0.02702217741935689,-20224.02435035846,-1517.0311379928405,-2372.709879032272,-1608.5636648745487,-2863.4814740142797,-6543.02726254481,-1876.3866711469657,-2982.484005376326,1367.3498231026788,734.0727532645076,1814.849932756694,2163.832217126626,383.27849383370454,2355.474061941965,1209.036466378346,727.7059099051345,1709.8888761160738,5.1320000000000014,5.088,34.98,100.0
2018-06-30,0.0,26.238133409676408,874.6288037500011,16.987274768518503,722.6964686188991,2.220172222222228,170.79066203703698,NA,0.04808657407407339,0.010972916666666922,0.047183333333331044,0.04355092592592876,0.025473148148146343,NA,0.044539583333335804,0.019214120370370805,0.0469666666666647,0.038026388888888804,NA,0.045670601851852746,0.013653009259259573,0.04777337962962976,NA,29.913928240740777,32.81566435185189,28.000076388888903,25.80900000000002,23.25836111111113,NA,28.534775462963047,29.540708333333342,26.834094907407337,24.02384953703702,NA,29.54503009259267,32.31326157407416,27.82730324074079,NA,0.04954606481481484,0.00026412037037036693,0.034679166666665484,0.01886805555555579,0.024890740740742046,NA,0.0467664351851857,0.0027259259259261597,0.016178240740740833,0.012922222222222042,NA,0.029151157407407688,0.001016898148148106,0.028524305555556965,-9110.921087963005,-1169.3099768518462,-1865.3711342592499,-1439.3087037037155,-1954.5368518518512,-4133.874166666686,-1317.2611111111044,-1702.0886111111126,1044.446854235333,503.8936068806018,1544.412557097431,2179.1446641692373,393.7832315987281,2498.8965536282194,925.2097112460264,484.79847851980355,1512.6866883492412,8.79,3.635,39.17,61.93
2018-07-31,41.10000000000001,29.266925223214315,878.9624751344114,33.47762432795696,616.443421541831,2.1167455197132643,154.41331003584264,NA,0.045248431899642276,0.03741218637992727,0.04588754480286621,0.04368817204301589,0.02596662186379834,NA,0.05017517921146947,0.04573387096774143,0.04768794802867491,0.03847894265232727,NA,0.049404793906810324,0.039577284946236524,0.0479695340501808,NA,31.917802419354835,33.53202060931897,30.276323924731223,28.431713709677407,26.111906362007176,NA,30.763416218638028,31.132927867383504,29.326323924731163,26.871404569892483,NA,31.67361335125448,33.26043234767029,30.252903225806488,NA,0.04127732974910393,0.013085797491039367,0.03291442652329739,0.01887791218638045,0.024975582437277162,NA,0.06089292114695283,0.034691308243727376,0.01694825268817172,0.012217293906810051,NA,0.03454816308243748,0.019588037634408532,0.02781025985663209,-1758.7434587813666,-1105.7161290322624,-1667.4086021505439,-1422.986223118274,-1742.1591845878254,-1168.8545026881777,-918.9806451612914,-1471.4553987455122,1417.147037243321,968.3390625879075,1863.4383007032352,2323.8333533653868,410.24292382559725,2729.2981203938134,1460.2781924050619,932.5143953305208,1957.2312385372713,17.82,2.911,41.67,99.4
2018-08-31,13.6,27.90692461808161,876.9478708874952,28.35971454178806,598.9873555739343,2.0847138695944456,172.1010643065204,NA,0.04631936351411596,0.017542581801882937,0.04717637830569349,0.04547669206633711,0.02646257283729157,NA,0.04719408337068241,0.029922904527118304,0.047726131779471166,0.03899843119677031,NA,0.04515060510981734,0.025275212909009803,0.046405647691615017,NA,32.174289556252816,33.29592559390407,31.24575750784394,29.943939937247894,28.141129538323646,NA,31.624753473778586,31.932319587628765,30.687947108919758,28.75762662483165,NA,32.01945988346042,33.3558650829225,31.230103092783498,NA,0.04222926938592615,0.0009390407888839072,0.032458314657104755,0.018712460779919487,0.024705737337517283,NA,0.0549840878529812,0.016300537875392138,0.01910869565217454,0.011962348722546567,NA,0.027429179740027405,0.007854101299865761,0.02636597938144396,-3150.106656207988,-1079.8383460331668,-1545.2398476019605,-1406.9762438368473,-1574.2979381442929,-1722.641931869119,-1128.7994621246064,-1354.0490697153243,1034.2168928517476,553.9335911150239,1497.9243606846194,2037.7118915177423,402.87528021646114,2652.3496063428097,1023.8915148502416,541.5614486282392,1588.084574377045,14.56,4.206,39.86,91.0
2018-09-30,0.1,25.18115046296298,874.8078270833311,21.08419189814821,538.4731881843758,2.2633245370370423,156.50869027777793,NA,0.04281273148148202,0.00990671296296324,0.04731712962962783,0.04999513888889155,0.02626412037036965,NA,0.04213564814814645,0.01888587962963011,0.0472868055555542,0.0354106481481464,NA,0.039793981481483776,0.014519907407407934,0.04421087962963231,NA,29.24506712962967,29.533456018518592,29.041870370370372,28.60789120370377,27.759203703703673,NA,29.59894444444439,29.949944444444444,29.015421296296335,28.093768518518342,NA,29.165506944444402,30.355856481481453,28.922719907407348,NA,0.03043078703703748,0.00020532407407407424,0.029242361111112638,0.017827083333333535,0.02339699074074047,NA,0.03664884259259217,0.0022215277777777615,0.014128935185184743,0.010374305555555293,NA,0.018053240740740807,0.0009967592592592092,0.023259259259260753,-15430.246481481503,-1307.4905092592667,-1795.1717361111116,-1566.4188194444512,-1601.714097222218,-3357.969791666676,-1262.1092592592645,-1494.8813382727515,807.0415223611114,459.82127071759203,1200.0803615740735,1721.72384907408,390.9306049305557,2291.0780578703657,797.829666388889,447.8083022916677,1284.6992840277776,14.29,3.068,36.12,81.1
2018-10-31,12.499999999999993,15.7645436827957,875.1831093413888,41.4983176523298,394.91154042600533,2.5525035842293917,110.27893145161298,NA,0.03776276881720732,0.021719758064516304,0.04414560931900018,0.046176971326160755,0.025196684587815304,NA,0.03577531362007279,0.02659184587813636,0.0439397401433719,0.03114068100358584,NA,0.03376814516129012,0.025875672043011107,0.04175716845877953,NA,21.185609318996455,18.64544713261649,22.850087365591424,24.217771057347672,24.96650313620058,NA,21.78975582437272,20.196776433691767,23.018075716845928,24.994879032257973,NA,20.674336917562666,19.237380600358424,22.360810931899586,NA,0.02042607526881737,0.0028261648745519547,0.02357101254480484,0.014694668458782392,0.020307347670252905,NA,0.021725806451613455,0.014188172043011009,0.01022356630824359,0.008452284946236737,NA,0.011242607526881908,0.009928315412186322,0.018642025089605833,-32741.17815860224,-4200.66453853045,-3463.045609318997,-2158.595586917573,-1963.8475134408795,-32399.9636424732,-2531.0735887096876,-3017.58570788529,668.5204526433695,454.4232834229394,963.233205421147,1346.0022364247357,368.82385533154206,1843.8900748207916,682.7455769265224,427.55620701164764,1027.254313776882,4.6560000000000015,8.41,28.17,99.9
2018-11-30,13.700000000000003,10.819194212962941,877.6471004166694,28.958748611111115,305.36883005914996,2.7572187499999976,104.04106689814805,NA,0.03599398148148061,0.012772916666666951,0.041661805555553794,0.04300138888889065,0.023817824074073318,NA,0.03458564814814812,0.02018611111111158,0.04044490740740653,0.029475694444443035,NA,0.03292407407407444,0.017122453703704025,0.03777754629629965,NA,14.415131944444457,11.386147222222226,16.76598842592594,18.900425925925955,20.83242592592597,NA,15.745453703703706,13.985834027777802,17.518155092592668,20.459240740740732,NA,14.03244444444441,12.173894907407401,16.304231481481477,NA,0.018446990740740743,0.0013178240740740485,0.019484722222222303,0.012138888888889799,0.017405787037038763,NA,0.020351851851852783,0.004312268518518666,0.008937962962963425,0.007335648148148726,NA,0.010941203703703566,0.0027483796296296427,0.015148611111111843,-80315.97247685172,-61966.104976851704,-28388.28231481475,-4529.630972222194,-3919.4263657407328,-84343.10740740746,-7483.903425925981,-9237.97287037042,515.1967874999998,402.2765832638884,732.6211470601802,964.0809408796293,368.51941796296285,1398.7892259259304,543.7907625925922,376.58389766203805,790.8079238888879,0.32,6.917999999999998,22.74,100.0
2018-12-31,5.699999999999997,6.5717820340501785,877.4654581989233,44.7259834229389,232.22216959335455,2.3145188172042985,103.18935707885315,NA,0.033665098566308366,0.04739471326164978,0.0394569892473114,0.04019556451612846,0.02218458781362131,NA,0.055633288530465466,0.052379704301074886,0.037133288530468087,0.027998879928317427,NA,0.03541330645161426,0.051882616487455215,0.03536290322580502,NA,8.361717069892489,5.615310035842306,10.99421370967744,13.58689292114693,16.250219534050157,NA,9.519168906810036,8.156821012544825,11.719198028673805,15.745913978494684,NA,7.924540322580643,6.282650537634392,10.545021953405,NA,0.015461693548387268,0.014404569892473323,0.01630286738351281,0.010115591397849474,0.015150089605735145,NA,0.053590949820788575,0.029784498207885552,0.007879480286737656,0.006436603942652581,NA,0.013872535842293927,0.020367159498208335,0.012570116487455178,-6136.813933691753,-100000.0,-96140.2616935485,-10434.815613799381,-25934.41216397863,-760.2564740143359,-42505.18107078856,-58892.72697132623,511.1794284050175,421.4946926299289,661.1116971102157,710.1517272849461,366.04157000447987,1098.9674349686372,582.5662596774201,418.9695157482072,731.5399590501783,-5.374,9.79,19.14,99.9
2019-01-31,22.500000000000004,6.991834868568851,878.2924917491017,49.98537205122426,247.10160227083787,2.6885279712424164,104.06768456526602,NA,0.034553057553957184,0.05638938848920843,0.038842625899278324,0.0389999999999976,0.02105620503597195,NA,0.06071133093525202,0.057995953237410226,0.03609397482014603,0.026252922661869942,NA,0.051810476618706164,0.0601128597122302,0.03486420863309122,NA,7.005160071942431,5.660090152877691,8.683924910071962,10.576848021582682,13.19369829136701,NA,8.501165467625887,7.884366456834543,9.646644784172674,12.578379046762633,NA,6.9272387589927895,6.404629496402884,8.425354316546759,NA,0.017817221223021883,0.016955935251798716,0.015477967625898655,0.00902652877697871,0.014014838129497564,NA,0.054678282374101,0.03217940647482066,0.007768210431654192,0.006025629496403075,NA,0.026430080935252075,0.022869604316547158,0.01187117805755409,-10804.380395683398,-99979.64278327339,-100000.0,-26226.695278776977,-88838.33475719429,-2497.080418165483,-39600.23237410073,-74625.9845773381,529.8083150247411,442.5827082546119,640.4499261133602,631.9917603238877,366.9580540485831,946.1404996176324,578.0617786099875,425.67244811066075,672.8246431653048,-6.735,6.822,18.47,100.0
2019-02-28,54.50000000000006,4.262519097222231,873.0289910714262,56.53226512896816,318.4244477566502,2.406934275793648,166.29189236111074,NA,0.0759843750000008,0.06967485119047688,0.059323412698411376,0.03856125992063668,0.02081572420634904,NA,0.09222941468254071,0.08131374007936491,0.061292162698415864,0.02637202380952325,NA,0.08649305555555484,0.07980481150793665,0.06022792658730115,NA,6.339179067460298,5.179170138888903,7.831623759920651,9.578938740079378,11.908727678571429,NA,7.285518105158745,6.483493055555549,8.366721974206344,11.452452876984061,NA,6.090437996031739,5.47416542658729,7.450685515873015,NA,0.04162549603174618,0.019264136904762114,0.027614583333333945,0.008865079365079607,0.013767113095237867,NA,0.05806448412698453,0.03283159722222285,0.022426835317460227,0.006126488095238256,NA,0.031179811507937284,0.020974454365079654,0.02197569444444461,-156.89908234126867,-42781.55208333283,-68618.57683531758,-47956.26679067478,-66744.08625992021,-27.87435515873007,-31.085937499999932,-42006.8455357145,595.3695030257924,461.1746635168654,687.9843965277785,684.1755254712282,366.4708969742069,961.1445324404747,629.8573608382934,442.8274298827642,732.5362970215672,-6.803,7.565,17.53,100.0
2019-03-31,18.600000000000005,9.7435156810036,875.3631028897877,47.24535170250899,449.3706013457106,2.6699018817204356,147.0378378136204,NA,0.09503606630824228,0.06294959677419304,0.08618570788530554,0.04266532258064625,0.02114112903225956,NA,0.08198767921146825,0.06281451612903158,0.07668100358422729,0.026928091397850733,NA,0.0817979390680985,0.06690479390680988,0.08484655017921942,NA,11.732598342293928,12.02408534946236,11.554352598566311,11.408331093189952,12.238920250896063,NA,12.538722222222233,12.604571460573474,12.140031362007205,11.93915770609315,NA,11.87364762544804,12.503248655913998,11.628431899641573,NA,0.05344982078853078,0.021263216845878584,0.0453089157706088,0.011021057347670641,0.014333109318996838,NA,0.06027195340501846,0.03603629032258075,0.03952956989247057,0.006762992831541767,NA,0.03468481182795788,0.02150761648745566,0.0370694444444424,-84.69825268817227,-20.95380824372742,-29.963888888888924,-17791.999081541086,-69810.38626792088,-3760.526612903225,-23.973028673835227,-30.69294354838716,868.1849242718454,526.8254189207499,1086.4390698125994,1054.3942260555427,372.141116820953,1268.939965545271,980.653064190566,527.6645336419059,1292.3587805900622,-2.122,10.16,21.86,99.8
2019-04-30,13.9,15.592420134852349,873.9051381162805,36.210781213671204,574.6954660056433,2.560879795396415,161.46019344338495,NA,0.08168085601302608,0.03617841358455459,0.07689462665736235,0.061128169341710024,0.022643870667596634,NA,0.054304256803908574,0.03233077459874441,0.05653872993719523,0.028620842056291885,NA,0.06595068620609357,0.03326215398930029,0.07644615026750197,NA,18.240502442428525,19.234656896952806,17.326038613631063,16.17324726680626,15.522626192137714,NA,18.632437776227054,19.352477320307084,17.438729937194722,15.665526866713181,NA,18.473133286810917,20.010115608280998,17.524096301465484,NA,0.06044651162790747,0.011069069767441785,0.048435813953489906,0.02636325581395446,0.016127906976743732,NA,0.055812093023256945,0.017132558139535195,0.03245813953488459,0.0076639534883716064,NA,0.037896046511627986,0.011156279069767834,0.04071023255813977,-32534.090418604646,-36.20295348837209,-41.13883720930227,-4982.425232558157,-38960.55132558083,-37419.25800000019,-1396.1937441860457,-895.1425813953493,1168.253068845975,538.976301302931,1535.9355306654234,1647.8186023732007,382.32172852489555,1846.9956237785034,1233.1394867380156,545.175597021872,1694.4001129927465,2.481,8.5,30.62,95.3
2019-05-31,37.200000000000024,15.151393145161276,871.411024126345,45.89006944444438,571.1461315427157,2.288342965949819,169.17454592293873,NA,0.07521774193548282,0.059117383512544315,0.061487455197132126,0.05989493727598492,0.0236420250896063,NA,0.0695622759856639,0.06398902329749041,0.04575313620071465,0.029937275985664036,NA,0.07159318996415905,0.060597894265232356,0.06260842293906865,NA,19.885064964157724,20.15418458781371,19.584802867383495,19.072293906810046,18.201465053763506,NA,19.087186379928337,18.712542562724,18.90868503584222,18.78614023297492,NA,19.706964605734733,20.006465053763456,19.522963709677423,NA,0.0593490143369176,0.023357974910394652,0.042469534050178066,0.028288754480286997,0.017718413978494524,NA,0.0646160394265232,0.043283826164874625,0.023571236559140018,0.00868189964157729,NA,0.038916666666666516,0.025366711469534176,0.03624820788530334,-348.31924283154126,-104.6188172043005,-522.5698476702521,-1171.9163978494591,-6412.239740143426,-150.8070116487453,-861.0814292114675,-3801.2526209677285,1520.9172029569922,762.9048164426515,1904.414489023303,2129.861560931899,382.47963082437195,2121.3718790322614,1412.2112518817173,799.0764818996433,1844.588449088962,3.568,8.23,27.97,99.2
2019-06-30,1.5,24.76697453703704,874.3121729166644,20.30973379629624,686.8167744724296,2.362250231481482,155.4261425925922,NA,0.061696064814814953,0.021350462962963508,0.0562263888888906,0.05925162037036963,0.024720601851852462,NA,0.054065509259261714,0.02860000000000045,0.04899189814815113,0.03024861111111277,NA,0.05295000000000224,0.022335648148148892,0.05204074074074143,NA,27.53731481481488,29.748365740740798,25.65078472222224,23.4487337962961,21.038775462962956,NA,26.606013888888874,27.913620370370367,24.71866666666664,21.760120370370345,NA,27.52494444444443,30.1921134259259,25.72679398148147,NA,0.06296874999999903,0.0035719907407405376,0.04170069444444227,0.02713356481481472,0.01987523148148221,NA,0.06159444444444349,0.012965509259259324,0.0260706018518529,0.009207638888889107,NA,0.0359726851851862,0.003684259259259205,0.03179976851851848,-2703.024375000001,-700.5743749999968,-1198.8016898148019,-1131.0688888888785,-3352.0109953703754,-1921.2407175925935,-934.0292824074097,-1651.887245370374,1563.3790081018503,610.9904868981497,2097.3838025463,2533.840648611112,405.00804550925875,2344.136246759258,1199.2799045833335,570.9707874768509,1798.0965532228345,11.78,5.436,36.26,55.96
2019-07-31,2.9,27.743720878136156,876.0735425403266,21.334533154121857,666.715806502134,2.1093051075268736,171.5862314068102,NA,0.0489350358422923,0.013118503584229587,0.05103875448028808,0.05534923835125609,0.026398521505377436,NA,0.044527329749106045,0.01985282258064571,0.04895250896057787,0.03146684587813577,NA,0.04404883512544844,0.01617607526881729,0.047036290322578375,NA,31.14011872759859,33.36275313620067,29.42921146953411,27.411182795698874,24.93623655913978,NA,30.309377240143416,31.622670250896054,28.497612007168378,25.71476478494608,NA,31.18036066308241,33.90886872759847,29.47585797491047,NA,0.046718413978496,0.0003378136200716723,0.03675672043010747,0.02271550179211647,0.02214717741935456,NA,0.04122715053763416,0.0020768369175626846,0.02234206989247447,0.009092517921147248,NA,0.02211290322580682,0.0009762544802866914,0.02694937275985599,-2677.3531810035793,-1049.9605958781283,-1574.6618055555628,-1262.6345430107501,-1767.3780465950001,-2360.576836917559,-1170.3821460573447,-1451.3358422939189,1136.351696767675,519.4710124354659,1630.690301010102,2266.4842996632997,412.1834517396186,2411.155142985404,943.9423689113365,494.0569430527502,1522.3337509850282,13.95,4.9,38.71,73.04
2019-08-31,6.1000000000000005,28.089655017921043,875.9749923387074,20.19572311827958,626.7775061094072,2.105281137992832,168.8360840053766,NA,0.04454883512544827,0.015721998207885616,0.04895900537634735,0.051878136200713056,0.027000000000000843,NA,0.041135528673835096,0.021835573476702657,0.04874126344086366,0.03199596774193427,NA,0.039387096774193255,0.019676075268817768,0.04576052867383292,NA,31.625958781362073,32.84273745519727,30.469466845878106,29.00468637992814,27.09596774193559,NA,31.468037634408663,32.36094758064512,29.989267473118318,27.713655913978396,NA,31.824462365591526,33.9179995519713,30.558499103942687,NA,0.03233400537634467,0.0009065860215053516,0.0329012096774202,0.01896505376344045,0.02207146057347757,NA,0.02890255376344178,0.0040564516129032195,0.019307347670251423,0.008729390681004085,NA,0.01449865591397864,0.0033888888888886537,0.024467069892473346,-2474.867741935489,-1079.774260752682,-1478.1506272401498,-1235.028494623661,-1537.154256272386,-2352.599350358424,-1161.0327060931904,-1351.6674283154123,982.7021088709671,527.9094263888895,1403.5523564068083,2015.0989119623655,414.1338996639798,2322.114583557351,902.4797956765232,509.78463095878203,1409.3852287400246,14.42,4.413,38.1,76.52
2019-09-30,3.2000000000000006,22.39197314814822,874.8273005555509,29.060275925925893,513.747620289727,2.412783796296295,154.76259074074113,NA,0.04102152777777533,0.010924537037037448,0.046937268518514735,0.04908796296296472,0.026851157407407532,NA,0.03756689814814888,0.01703032407407436,0.04745624999999741,0.031472685185186755,NA,0.03521736111111063,0.013959722222222665,0.04407060185185307,NA,28.089618055555565,27.48804861111108,28.270967592592527,28.062055555555567,27.21951620370357,NA,28.471678240740776,28.132266203703654,28.202817129629626,27.627939814814834,NA,28.113636574074057,28.55099999999997,28.20651388888881,NA,0.023762731481482172,0.0002907407407407344,0.028106712962963108,0.01631412037036985,0.020197685185187636,NA,0.019277083333333576,0.0012754629629629895,0.014444907407407432,0.007767824074073871,NA,0.009333333333333737,0.0007363425925925372,0.020811342592594238,-22614.70641203707,-1441.7814351851853,-1734.5466435185092,-1317.786990740742,-1508.5484259258862,-12881.258888888873,-1475.843842592599,-1548.5469675925895,809.9167812731472,452.4891924074082,1176.4739096759245,1719.2254805555551,395.215528078704,2078.8500196759287,752.1952773148117,433.422281874999,1173.5834426381343,5.064,7.032,37.62,84.4
2019-10-31,0.2,14.975003584229409,875.9713819892485,17.707928763440822,430.67769630109933,3.0593012992831494,109.65639202508996,NA,0.03671303763440918,0.007605062724014516,0.04349708781362171,0.04523275089606051,0.025840053763441645,NA,0.03368189964157862,0.014178091397849743,0.04337387992831748,0.029804883512543994,NA,0.031165546594982715,0.010904345878136379,0.039929659498207544,NA,20.46351030465949,18.218766801075276,22.089574372759902,23.38739247311841,24.062759856630834,NA,21.49171146953408,20.248992383512597,22.451198476702572,24.09820116487454,NA,20.135098566308226,19.380202956989315,21.646704749104014,NA,0.01676344086021536,0.0002058691756272403,0.022181451612903576,0.013475806451612176,0.017144041218639817,NA,0.013545250896057346,0.0010096326164874194,0.010090053763441114,0.006547491039426615,NA,0.006374327956989228,0.0003884408602150358,0.01570362903225785,-73148.05631720432,-6447.12119175628,-3309.584520609357,-1800.2849686379866,-1960.6428315412236,-63396.04388440865,-3357.3791442652164,-3064.036917562717,603.7693029121883,407.50729534050265,881.7249712813639,1230.8802726030458,381.3584771281365,1630.7886243279545,608.6401154345871,380.70837159498154,903.7712420396728,-3.074,3.664,28.52,71.03
2019-11-30,32.40000000000001,13.959735731272255,877.3467082342473,26.507861177170007,319.48331188996576,2.642594827586212,94.90940844233054,NA,0.04091706302021209,0.020848097502972625,0.041518430439952236,0.04259928656361609,0.024795481569559664,NA,0.03909185493459986,0.027244351961950058,0.04041706302021392,0.028202140309157034,NA,0.04028537455410261,0.02557847800237822,0.037684898929844016,NA,15.820425089179572,14.055659334126053,17.654479785969073,19.334643281807402,20.892936979785933,NA,17.450897740784818,16.68444678953627,18.522621878715867,20.59579369797861,NA,15.66100475624253,15.05230648038054,17.286658739595733,NA,0.018918252080856353,0.004968192627824013,0.018724137931033745,0.011678953626635517,0.015176872770511732,NA,0.01946313912009511,0.009219381688466087,0.008690546967895533,0.005758917954815829,NA,0.011141795481569792,0.00525089179548156,0.012817479191439262,-77137.90624256832,-18671.780291319785,-12769.948573127233,-2577.7212841855157,-3078.404131985769,-62295.71453626657,-7551.989149821611,-6270.118133174773,604.2178629904871,475.1392870689653,805.4252531510124,990.3921801129596,379.2400592746744,1354.3006828180733,756.2359109690833,493.8413236325792,885.1736827464782,1.6780000000000002,2.799,23.84,98.7
2019-12-31,0.0,NA,NA,NA,NA,NA,NA,NA,NA,NA,NA,NA,NA,NA,NA,NA,NA,NA,NA,NA,NA,NA,NA,NA,NA,NA,NA,NA,NA,NA,NA,NA,NA,NA,NA,NA,NA,NA,NA,NA,NA,NA,NA,NA,NA,NA,NA,NA,NA,NA,NA,NA,NA,NA,NA,NA,NA,NA,NA,NA,NA,NA,NA,NA,NA,NA,NA,NA,NA,NA,NA,NA,NA
2020-01-31,0.0,NA,NA,NA,NA,NA,NA,NA,NA,NA,NA,NA,NA,NA,NA,NA,NA,NA,NA,NA,NA,NA,NA,NA,NA,NA,NA,NA,NA,NA,NA,NA,NA,NA,NA,NA,NA,NA,NA,NA,NA,NA,NA,NA,NA,NA,NA,NA,NA,NA,NA,NA,NA,NA,NA,NA,NA,NA,NA,NA,NA,NA,NA,NA,NA,NA,NA,NA,NA,NA,NA,NA,NA
2020-02-29,0.0,NA,NA,NA,NA,NA,NA,NA,NA,NA,NA,NA,NA,NA,NA,NA,NA,NA,NA,NA,NA,NA,NA,NA,NA,NA,NA,NA,NA,NA,NA,NA,NA,NA,NA,NA,NA,NA,NA,NA,NA,NA,NA,NA,NA,NA,NA,NA,NA,NA,NA,NA,NA,NA,NA,NA,NA,NA,NA,NA,NA,NA,NA,NA,NA,NA,NA,NA,NA,NA,NA,NA,NA
2020-03-31,0.0,NA,NA,NA,NA,NA,NA,NA,NA,NA,NA,NA,NA,NA,NA,NA,NA,NA,NA,NA,NA,NA,NA,NA,NA,NA,NA,NA,NA,NA,NA,NA,NA,NA,NA,NA,NA,NA,NA,NA,NA,NA,NA,NA,NA,NA,NA,NA,NA,NA,NA,NA,NA,NA,NA,NA,NA,NA,NA,NA,NA,NA,NA,NA,NA,NA,NA,NA,NA,NA,NA,NA,NA
2020-04-30,0.0,NA,NA,NA,NA,NA,NA,NA,NA,NA,NA,NA,NA,NA,NA,NA,NA,NA,NA,NA,NA,NA,NA,NA,NA,NA,NA,NA,NA,NA,NA,NA,NA,NA,NA,NA,NA,NA,NA,NA,NA,NA,NA,NA,NA,NA,NA,NA,NA,NA,NA,NA,NA,NA,NA,NA,NA,NA,NA,NA,NA,NA,NA,NA,NA,NA,NA,NA,NA,NA,NA,NA,NA
2020-05-31,0.0,NA,NA,NA,NA,NA,NA,NA,NA,NA,NA,NA,NA,NA,NA,NA,NA,NA,NA,NA,NA,NA,NA,NA,NA,NA,NA,NA,NA,NA,NA,NA,NA,NA,NA,NA,NA,NA,NA,NA,NA,NA,NA,NA,NA,NA,NA,NA,NA,NA,NA,NA,NA,NA,NA,NA,NA,NA,NA,NA,NA,NA,NA,NA,NA,NA,NA,NA,NA,NA,NA,NA,NA
2020-06-30,0.0,NA,NA,NA,NA,NA,NA,NA,NA,NA,NA,NA,NA,NA,NA,NA,NA,NA,NA,NA,NA,NA,NA,NA,NA,NA,NA,NA,NA,NA,NA,NA,NA,NA,NA,NA,NA,NA,NA,NA,NA,NA,NA,NA,NA,NA,NA,NA,NA,NA,NA,NA,NA,NA,NA,NA,NA,NA,NA,NA,NA,NA,NA,NA,NA,NA,NA,NA,NA,NA,NA,NA,NA
2020-07-31,0.0,NA,NA,NA,NA,NA,NA,NA,NA,NA,NA,NA,NA,NA,NA,NA,NA,NA,NA,NA,NA,NA,NA,NA,NA,NA,NA,NA,NA,NA,NA,NA,NA,NA,NA,NA,NA,NA,NA,NA,NA,NA,NA,NA,NA,NA,NA,NA,NA,NA,NA,NA,NA,NA,NA,NA,NA,NA,NA,NA,NA,NA,NA,NA,NA,NA,NA,NA,NA,NA,NA,NA,NA
2020-08-31,0.0,NA,NA,NA,NA,NA,NA,NA,NA,NA,NA,NA,NA,NA,NA,NA,NA,NA,NA,NA,NA,NA,NA,NA,NA,NA,NA,NA,NA,NA,NA,NA,NA,NA,NA,NA,NA,NA,NA,NA,NA,NA,NA,NA,NA,NA,NA,NA,NA,NA,NA,NA,NA,NA,NA,NA,NA,NA,NA,NA,NA,NA,NA,NA,NA,NA,NA,NA,NA,NA,NA,NA,NA
2020-09-30,0.0,NA,NA,NA,NA,NA,NA,NA,NA,NA,NA,NA,NA,NA,NA,NA,NA,NA,NA,NA,NA,NA,NA,NA,NA,NA,NA,NA,NA,NA,NA,NA,NA,NA,NA,NA,NA,NA,NA,NA,NA,NA,NA,NA,NA,NA,NA,NA,NA,NA,NA,NA,NA,NA,NA,NA,NA,NA,NA,NA,NA,NA,NA,NA,NA,NA,NA,NA,NA,NA,NA,NA,NA
2020-10-31,0.0,NA,NA,NA,NA,NA,NA,NA,NA,NA,NA,NA,NA,NA,NA,NA,NA,NA,NA,NA,NA,NA,NA,NA,NA,NA,NA,NA,NA,NA,NA,NA,NA,NA,NA,NA,NA,NA,NA,NA,NA,NA,NA,NA,NA,NA,NA,NA,NA,NA,NA,NA,NA,NA,NA,NA,NA,NA,NA,NA,NA,NA,NA,NA,NA,NA,NA,NA,NA,NA,NA,NA,NA
2020-11-30,0.0,NA,NA,NA,NA,NA,NA,NA,NA,NA,NA,NA,NA,NA,NA,NA,NA,NA,NA,NA,NA,NA,NA,NA,NA,NA,NA,NA,NA,NA,NA,NA,NA,NA,NA,NA,NA,NA,NA,NA,NA,NA,NA,NA,NA,NA,NA,NA,NA,NA,NA,NA,NA,NA,NA,NA,NA,NA,NA,NA,NA,NA,NA,NA,NA,NA,NA,NA,NA,NA,NA,NA,NA
2020-12-31,0.0,NA,NA,NA,NA,NA,NA,NA,NA,NA,NA,NA,NA,NA,NA,NA,NA,NA,NA,NA,NA,NA,NA,NA,NA,NA,NA,NA,NA,NA,NA,NA,NA,NA,NA,NA,NA,NA,NA,NA,NA,NA,NA,NA,NA,NA,NA,NA,NA,NA,NA,NA,NA,NA,NA,NA,NA,NA,NA,NA,NA,NA,NA,NA,NA,NA,NA,NA,NA,NA,NA,NA,NA
2021-01-31,0.0,NA,NA,NA,NA,NA,NA,NA,NA,NA,NA,NA,NA,NA,NA,NA,NA,NA,NA,NA,NA,NA,NA,NA,NA,NA,NA,NA,NA,NA,NA,NA,NA,NA,NA,NA,NA,NA,NA,NA,NA,NA,NA,NA,NA,NA,NA,NA,NA,NA,NA,NA,NA,NA,NA,NA,NA,NA,NA,NA,NA,NA,NA,NA,NA,NA,NA,NA,NA,NA,NA,NA,NA
2021-02-28,0.0,NA,NA,NA,NA,NA,NA,NA,NA,NA,NA,NA,NA,NA,NA,NA,NA,NA,NA,NA,NA,NA,NA,NA,NA,NA,NA,NA,NA,NA,NA,NA,NA,NA,NA,NA,NA,NA,NA,NA,NA,NA,NA,NA,NA,NA,NA,NA,NA,NA,NA,NA,NA,NA,NA,NA,NA,NA,NA,NA,NA,NA,NA,NA,NA,NA,NA,NA,NA,NA,NA,NA,NA
2021-03-31,0.0,NA,NA,NA,NA,NA,NA,NA,NA,NA,NA,NA,NA,NA,NA,NA,NA,NA,NA,NA,NA,NA,NA,NA,NA,NA,NA,NA,NA,NA,NA,NA,NA,NA,NA,NA,NA,NA,NA,NA,NA,NA,NA,NA,NA,NA,NA,NA,NA,NA,NA,NA,NA,NA,NA,NA,NA,NA,NA,NA,NA,NA,NA,NA,NA,NA,NA,NA,NA,NA,NA,NA,NA
2021-04-30,0.0,NA,NA,NA,NA,NA,NA,NA,NA,NA,NA,NA,NA,NA,NA,NA,NA,NA,NA,NA,NA,NA,NA,NA,NA,NA,NA,NA,NA,NA,NA,NA,NA,NA,NA,NA,NA,NA,NA,NA,NA,NA,NA,NA,NA,NA,NA,NA,NA,NA,NA,NA,NA,NA,NA,NA,NA,NA,NA,NA,NA,NA,NA,NA,NA,NA,NA,NA,NA,NA,NA,NA,NA
2021-05-31,0.0,NA,NA,NA,NA,NA,NA,NA,NA,NA,NA,NA,NA,NA,NA,NA,NA,NA,NA,NA,NA,NA,NA,NA,NA,NA,NA,NA,NA,NA,NA,NA,NA,NA,NA,NA,NA,NA,NA,NA,NA,NA,NA,NA,NA,NA,NA,NA,NA,NA,NA,NA,NA,NA,NA,NA,NA,NA,NA,NA,NA,NA,NA,NA,NA,NA,NA,NA,NA,NA,NA,NA,NA
2021-06-30,0.0,NA,NA,NA,NA,NA,NA,NA,NA,NA,NA,NA,NA,NA,NA,NA,NA,NA,NA,NA,NA,NA,NA,NA,NA,NA,NA,NA,NA,NA,NA,NA,NA,NA,NA,NA,NA,NA,NA,NA,NA,NA,NA,NA,NA,NA,NA,NA,NA,NA,NA,NA,NA,NA,NA,NA,NA,NA,NA,NA,NA,NA,NA,NA,NA,NA,NA,NA,NA,NA,NA,NA,NA
2021-07-31,34.000000000000014,29.33842223722706,876.7056891964913,31.19624195363495,591.5792808449007,2.084567859554357,165.80627548953387,NA,0.045685572811163325,0.02712401530497389,0.049743191537252096,0.05127278865631028,0.029889038937655717,NA,0.04411793832995881,0.025278640558181603,0.046415259959485596,0.03335516542876607,NA,0.04656133243304123,0.029045689849201025,0.04670110285842788,NA,33.01929327031287,34.78841773576406,31.334528471753305,29.35308575286974,26.87571910871035,NA,32.34827143821755,33.37112761647534,30.587200090029224,27.80212469052445,NA,33.372138194913404,35.66326806212023,31.650213819491523,NA,0.02662232725635894,0.007028809363042987,0.028425838397480745,0.015008777852802467,0.01753567409408076,NA,0.03084920099032207,0.01011793832995715,0.014570785505289653,0.0063875759621880145,NA,0.021911771325680857,0.00821764573486377,0.021336484357415884,-1758.6678595543588,-1118.776209768173,-1357.4124915597542,-1230.3779428314117,-1513.1912221471962,-2182.8089354039994,-1159.4113211793874,-1353.6974341661028,966.4092240828252,629.9350209092948,1215.692730002251,1512.9073304073777,442.6114940130544,1732.3653805987024,965.233688408732,562.4467995273477,1249.0441601585749,18.36,5.877000000000002,42.44,98.8
2021-08-31,13.099999999999996,27.93351030465949,875.1457942876376,27.175972446236546,604.7944557406713,2.3181447132616517,162.18661133512526,NA,0.059957437275986285,0.03598835125448032,0.049319892473122365,0.05148476702508667,0.0303590949820811,NA,0.06323028673835017,0.03020340501792151,0.0460911738351242,0.03399417562724106,NA,0.06672222222222109,0.03465860215053802,0.04596572580645101,NA,31.831962365591476,32.402676971326244,30.878530465949922,29.546650985663018,27.85154569892452,NA,31.428010752688234,31.958745519713236,30.396276881720535,28.574119623656,NA,31.979166666666654,33.38959453405017,31.063575268817228,NA,0.07086917562723943,0.008357302867383174,0.027619623655915273,0.015049731182796023,0.01782683691756323,NA,0.08075089605734696,0.012702956989248237,0.012843189964158284,0.006576612903226264,NA,0.05470922939068086,0.013088709677419966,0.01964381720430154,-1701.8317652329745,-670.0325716845853,-1394.744377240135,-1226.696953405006,-1429.623431899651,-2270.0357974910357,-801.9627016129057,-1374.6856630824411,1209.7436137320806,654.8121580645172,1467.5555439068062,1700.8633042114677,436.55973243727544,1935.9041303763488,1183.425578875445,550.8473145833331,1491.5361371067015,12.74,3.92,39.93,80.9
2021-09-30,0.6,24.54671527777784,876.29419354167,25.082090046296248,501.6524961814029,2.3247754629629602,142.9119439814813,NA,0.05400671296296129,0.03060671296296295,0.04945347222222375,0.05089143518518433,0.030439120370372254,NA,0.05006458333333471,0.02456041666666714,0.04585717592592274,0.03385277777777846,NA,0.04993171296296444,0.027274074074074936,0.04599861111110701,NA,28.587615740740727,28.210678240740712,28.791081018518447,28.524796296296355,27.724108796296292,NA,29.02565509259258,28.86341898148152,28.828236111111202,28.157932870370487,NA,28.729939814814852,29.351726851851925,28.82374537037036,NA,0.05185324074074072,0.006315277777778156,0.02851018518518715,0.014634722222223458,0.017676851851851885,NA,0.05215949074074061,0.008472685185185536,0.014550231481482087,0.00691319444444497,NA,0.029944675925926083,0.007763657407406908,0.020530555555555274,-7666.802731481465,-1216.6592824074114,-1574.2973379629436,-1303.6196527777945,-1443.9912731481538,-6292.09439814815,-1280.8296296296355,-1501.975023148149,874.4596826388896,531.5680033564828,1127.2716072453704,1364.2083259259239,424.3427521527772,1668.366754166662,793.2259588657441,448.5924464120367,1054.1774993409224,8.8,5.1110000000000015,38.71,81.3
2021-10-31,23.099999999999987,15.170195471867336,875.881975184934,35.190604797130646,378.82484907639304,2.554106478368077,140.21209190764435,NA,0.04673212284241035,0.04457565568258316,0.04633714413808329,0.04813449899125706,0.029484196368525846,NA,0.04226698049764636,0.038451916610625525,0.042188298587759715,0.03174848688635014,NA,0.04231562429948454,0.044864604348800664,0.042056713741312014,NA,19.171959201972673,17.005872225958235,21.228807442277557,23.106570275722838,24.22685048195475,NA,19.803929612194562,18.22881932302175,21.414808338937483,24.324427258462233,NA,18.816077112755014,17.692827617126223,20.819726518717818,NA,0.034524321900919516,0.01313113651647634,0.023201524321902537,0.012164985429276935,0.015055368751401734,NA,0.0311253082268558,0.02158350145707285,0.01172338040798084,0.006319659269222182,NA,0.01889419412687788,0.017394082044385136,0.016002465814839734,-12103.791974893467,-5387.093230217417,-3688.319524770257,-1890.5457520735276,-1931.5495404617802,-22297.508406186942,-3016.097960098625,-4142.78547410894,650.3193457744915,505.12704572965623,817.6193919973111,975.3598040798025,400.7184245236502,1305.75116924456,660.2988013225703,422.8318775162513,816.2375945236101,1.951,7.657999999999999,30.08,99.4
2021-11-30,0.0,14.328581944444412,879.7625612500003,25.496381481481468,312.6613094067808,2.8946032407407425,100.88360347222235,NA,0.04502430555555855,0.03532013888888784,0.044851157407410254,0.04602152777777722,0.027999305555557782,NA,0.042799768518519896,0.02867453703703741,0.04069513888888524,0.030147685185186138,NA,0.043346064814815656,0.03210555555555519,0.04034861111110768,NA,15.59535416666671,13.919449305555553,17.31081250000003,18.960537037037064,20.731546296296234,NA,17.263481481481456,16.33440439814817,18.332604166666634,20.34052314814819,NA,15.395018518518532,14.64144259259261,17.018263888888846,NA,0.03053171296296294,0.00704351851851859,0.02066458333333426,0.01077986111111061,0.013751620370370378,NA,0.03379884259259299,0.011312731481481497,0.010580555555555033,0.0055127314814813946,NA,0.02059606481481509,0.011389351851851765,0.014135879629629913,-58648.62305555557,-19285.249907407277,-12816.731087962962,-2966.5956944444497,-3268.2796296296306,-61577.18337962967,-4266.011828703697,-6663.2405324074025,570.9218673379642,434.43837717592584,716.7924492361097,781.146576967593,398.89871349537094,1088.110684375,618.3020784722195,377.3594167361114,740.8626968095715,2.356,4.758,25.54,90.1
2021-12-31,47.50000000000001,6.652817876344069,874.9591195564515,49.1952979390681,222.79718292460004,2.4307562724014393,136.07182235663117,NA,0.05763620071684759,0.05510730286738304,0.04216308243727484,0.04296594982078989,0.02672020609318925,NA,0.06730264336917688,0.04934587813620075,0.04076366487455338,0.028314740143370952,NA,0.06461447132616385,0.05835775089605753,0.03983355734767184,NA,8.384412634408598,6.038273521505379,11.137237455197129,13.986601702508999,16.870864695340526,NA,9.772829973118302,8.017770385304663,12.006031586021495,16.31577956989254,NA,8.03745945340503,6.236860663082458,10.679355958781311,NA,0.029507168458782748,0.011903673835125523,0.016928091397849593,0.00933557347670287,0.012393593189964757,NA,0.04536671146953449,0.016625224014337085,0.010801523297491056,0.0048006272401436454,NA,0.025793906810036377,0.014573924731183055,0.013733870967742175,-18279.390725806457,-60487.840927419165,-74371.18756720427,-8872.4759856631,-17518.249193548432,-38194.9618055552,-13216.113149641595,-28099.518279570002,498.21553844086094,444.0788824820792,618.1719879480316,611.8163789202492,393.6928827508954,861.9764432795716,538.7073353270623,379.32689059139824,598.5202273050558,-4.422,9.2,21.19,99.9
2022-01-31,2.8000000000000007,7.173272346002639,981.768281777658,32.64741153342064,276.2825148080792,2.8514920052424584,91.36850930537359,NA,0.09085026315789728,0.06108921052631496,0.06248842105263438,0.04102684210526082,0.02504473684210645,NA,0.08258947368421153,0.049307368421052634,0.06714710526315994,0.027003157894737652,NA,0.07839947368421285,0.06186157894736738,0.07161552631578934,NA,6.723847666491867,5.652204247509188,8.051262978500292,10.119210802307338,12.986927110644913,NA,8.703308075511295,8.111590980597803,9.39780886208706,12.315527005768184,NA,6.842560041950715,6.252747509176708,7.936235972732074,NA,0.04347561615102435,0.0174042999475618,0.032060041950708315,0.008105138961719433,0.011165967488201608,NA,0.053327477713686865,0.022470372312533432,0.0338641845831154,0.004140534871525732,NA,0.0299997378080755,0.017850026219192672,0.03340561090718485,-78.48507736690264,-19.920613690007993,-64138.11812221352,-30866.923629688103,-57867.87925517956,-289.6223183844742,-25.229923944400795,-47.12494099134504,521.6305842368407,415.74070547368336,626.9197946052633,548.1356184473689,360.2606501315789,725.2036888684224,610.29194131579,358.6729563376553,696.7041187859593,-40.0,7.46,222.8,96.6
2022-02-28,1.0999999999999999,7.6512946428571365,1178.6127894345277,27.098986979166668,377.8058314295078,3.5614066220238034,86.98505729166683,NA,0.07728124999999901,0.043271949404762707,0.066072916666665,0.04160528273809596,0.02496168154761904,NA,0.06239062500000039,0.02777976190476244,0.058538318452381916,0.026854910714286303,NA,0.06545349702380848,0.03567894345238092,0.06820907738095344,NA,8.728254836309523,8.0748909970238,9.397202380952384,10.373776041666686,12.461588541666666,NA,10.269288690476179,9.82956770833335,10.599326636904738,11.821171875,NA,8.86673883928571,9.033399553571446,9.409178199404778,NA,0.04412462797619118,0.012250372023809802,0.03454129464285728,0.008486607142857176,0.011443080357142844,NA,0.04784709821428644,0.009696056547619276,0.02774888392857223,0.004288690476190427,NA,0.030099702380952286,0.012346726190476236,0.03061867559523709,-68366.27548363098,-30.657291666666787,-718.991778273807,-25128.227120535736,-52562.22154017842,-82806.06685267856,-278.4392857142856,-184.47522321428573,485.69137098214276,361.38410777529816,595.9945762276807,532.1584014880962,294.9913677827383,661.9561772693459,541.3903436011906,302.86116515887807,688.8767094265861,-8.63,5.891,21.13,93.5
2022-03-31,6.1,11.884036626344091,1175.7973413978486,27.65456350806452,471.66426640313165,2.7690873655913975,142.7030228494625,NA,0.06271908602150425,0.02712197580645233,0.06068145161290257,0.04297681451613034,0.02559005376344083,NA,0.04934106182795827,0.021059811827957145,0.048679771505376175,0.02737063172043142,NA,0.052963373655914664,0.022497311827957257,0.06093985215053827,NA,13.284301075268804,13.85470127688172,12.946750672043034,12.631414650537621,13.422536962365607,NA,14.393051075268815,14.946953629032281,13.707352150537634,13.083588709677485,NA,13.634976478494615,15.279605846774187,13.129264112903227,NA,0.04527049731182853,0.0026451612903226427,0.03439919354838726,0.009337365591398498,0.012049731182795847,NA,0.04295766129032314,0.0038182123655914396,0.021248991935484962,0.004862903225806731,NA,0.028882056451613534,0.0040208333333332765,0.03025672043010823,-66880.62335349462,-372.6428091397852,-1545.527688172039,-9931.188474462333,-64635.01512096755,-70658.92899865599,-3811.373655913967,-3205.7696236559004,614.2500006720426,396.3851017809144,769.1741861559135,708.6951766801078,302.2694899193546,780.6449441196233,581.2422810819899,324.3854422184874,771.5259689034364,-4.354,5.3610000000000015,28.93,96.5
2022-04-30,2.4000000000000004,15.340007291666646,1173.836127083334,23.355482291666704,599.0491027976464,2.967493750000005,155.3344722222224,NA,0.05199861111111032,0.024052777777778298,0.052923611111112004,0.046290277777776986,0.027144444444445838,NA,0.04734548611111075,0.022661458333333735,0.04722916666666567,0.02936388888888942,NA,0.04745312499999991,0.021875694444444562,0.051075694444445395,NA,18.94732291666665,19.85298611111111,18.178864583333336,17.167805555555628,16.589652777777758,NA,19.115277777777774,19.827118055555584,18.167847222222225,16.801968749999983,NA,19.272812500000008,21.09491388888889,18.384774305555645,NA,0.04365104166666736,0.0022197916666667756,0.03143958333333426,0.01106562499999966,0.01315694444444484,NA,0.041655555555556306,0.005032291666667019,0.019944791666667357,0.005560416666666823,NA,0.025835763888889317,0.0038024305555555507,0.025894791666666972,-34873.593888888914,-3006.959305555554,-3913.7062500000247,-4360.3297916666625,-13247.238159722188,-47696.15083333331,-2986.6059027777656,-5107.5721180555365,656.7509048263889,464.6804556944435,832.2774449305552,889.139560625002,307.7708481249999,934.7858458680537,563.9485202777795,341.0817443169963,754.7794507565332,-2.326,2.944,28.53,97.1
2022-05-31,0.0,19.54695991916472,1172.8373809363413,18.983598854833286,680.8220674580074,2.802047153923882,169.12724587403167,NA,0.05218322667564772,0.015621084540249316,0.05340821825530572,0.048795554058607866,0.028226002020881796,NA,0.046334456045807666,0.016249915796564627,0.048073088582015665,0.030839003031323878,NA,0.045342202761873514,0.01542977433479299,0.04936207477265217,NA,24.26330414280903,26.301562815762868,22.79095318288991,21.031778376557778,19.19127315594481,NA,23.213886830582705,24.29738295722464,21.81831593129001,19.857635567531126,NA,24.346682384641344,27.126756483664547,22.80236443246888,NA,0.04537015830245961,0.00025463118895250946,0.03313944088918833,0.012868642640620593,0.014392051195688682,NA,0.03818558437184271,0.0011801953519702815,0.01996766588076888,0.006042101717750245,NA,0.02223139104075484,0.0008497810710676434,0.02510474907376218,-24013.38181205796,-1812.8555742674362,-2325.6908723475844,-2349.6002694509957,-4762.873358033024,-30565.869316268025,-1897.123610643319,-2709.094846749758,620.4528975075774,350.3764528797577,798.1623220612993,942.4857676658849,314.2776978780725,984.8845240821804,528.0766213203091,310.2615620442937,725.9061468646845,1.481,3.769,33.89,66.99
2022-06-30,0.1,25.838982638888876,1174.3038944444438,19.958673958333343,688.2278364423778,2.479411805555559,168.97334340277777,NA,0.04938715277777839,0.014324305555555644,0.05482881944444739,0.05141458333333566,0.029772569444445528,NA,0.042880208333333565,0.01552777777777799,0.04989861111110914,0.03261250000000063,NA,0.04011909722222251,0.014936111111111337,0.05199513888889014,NA,29.5368819444445,32.32701041666677,27.601576388888912,25.50319097222213,22.804753472222174,NA,28.05394444444446,29.839913194444414,26.170145833333336,23.751357638888894,NA,29.555312500000056,32.80029513888895,27.50269097222222,NA,0.036780902777778256,9.687500000000006e-05,0.03563541666666659,0.014707291666667,0.016494791666667303,NA,0.02707604166666711,0.0008704861111110538,0.020827083333334093,0.006502083333333438,NA,0.012594097222222454,0.0003475694444444446,0.027956250000000293,-7223.736354166645,-1189.1085763888927,-1582.0473958333114,-1631.0972569444334,-2070.896909722234,-7386.784895833337,-1341.7662500000044,-1590.7112847222268,598.7010565624994,353.7834021874999,771.4859033680546,1012.3019397916692,325.22907111111135,1101.4602607638915,531.4563002430565,323.03206252207764,746.3173180447873,10.43,3.57,37.35,67.21
2022-07-31,51.400000000000006,27.886952284946272,1176.3656780913986,30.927281586021486,591.2954408473594,2.258814852150537,149.8341360887097,NA,0.045726814516129435,0.03217540322580653,0.05424563172043054,0.052756384408600296,0.030874327956990424,NA,0.04320799731182815,0.027978158602150405,0.05024663978494696,0.033994959677421104,NA,0.042177083333333844,0.03218313172043014,0.05195732526881991,NA,31.445463709677423,32.74732526881718,30.059952956989125,28.40874327956985,25.77949260752687,NA,30.25533938172043,30.87987567204306,28.872197580645203,26.707584005376482,NA,31.36803091397855,32.930833333333396,29.95668346774195,NA,0.024979502688172204,0.007907594086021515,0.03432896505376486,0.015716397849461546,0.018344086021505022,NA,0.022976814516129044,0.01008467741935481,0.020690524193549234,0.006735551075268946,NA,0.012074260752688158,0.009535282258064543,0.027144825268817584,-2120.726142473134,-1171.8797715053772,-1357.9514112903134,-1348.3877352150519,-1648.4256720430003,-2884.2140120967724,-1276.7638440860271,-1367.8882728494632,708.7909381720441,478.9557593413987,874.7621129032275,1097.3626892137083,327.41644902553855,1203.3871784274156,666.6048799059139,457.35057580645116,851.8367453479289,12.67,5.229,39.25,94.5
2022-08-31,33.1,27.27635080645163,1176.6671491935492,44.066364247311895,524.0953919138242,2.0367127016129043,141.26988373655854,NA,0.07522379032258132,0.06716397849462305,0.0528571908602155,0.052908266129031954,0.031008736559140996,NA,0.08148490687218911,0.0492903225806454,0.049606518817202204,0.03408870967742027,NA,0.08175000000000027,0.06408434139784902,0.052803763440862364,NA,28.970453629032217,29.42295698924733,28.31349798387087,27.413064516129065,26.099482526881733,NA,27.642909090909082,29.2102856182795,27.947762096774152,26.636213037634445,NA,28.81985887096777,29.61989919354842,28.281085349462316,NA,0.07654133064516112,0.027932795698925067,0.0317059811827958,0.01565087365591316,0.018453293010752266,NA,0.08723689516128513,0.029515793010753036,0.01773622311827946,0.006781250000000151,NA,0.05147177419354885,0.03266397849462393,0.029869623655914057,-399.6528897849458,-292.82869623655967,-1532.6814516128857,-1436.361357526883,-1607.1596438171969,-626.7383400537634,-567.0684475806459,-1454.2119623655938,1343.1677862903225,1477.065690490591,1447.4880384428222,1759.1921461693544,322.82789090909097,1470.274629368278,1224.6917306787616,1274.2381152702224,2915.6349236706687,16.33,11.58,145.2,95.7
2022-09-30,28.400000000000006,24.91871091035442,1175.77178804726,34.43804378040314,494.56317085679615,2.046310979847115,136.13529812369694,NA,0.056313173444563124,0.048765380604797,0.053936739659367114,0.052948209940910144,0.03145027816411785,NA,0.05009847936278033,0.03847653806048014,0.04995342370525188,0.03464720194647306,NA,0.05583211678832074,0.04518978102189847,0.052131734445602734,NA,27.764369134515043,27.620027806743142,27.703635731664857,27.33198818213409,26.546892596454597,NA,27.00653015636637,28.12823427181092,27.658279457768437,27.076016684045907,NA,28.040702120264136,28.709871393813128,27.968293361140052,NA,0.052094162612926716,0.013115010423905149,0.03392043085476065,0.0156646977067406,0.019064975677553043,NA,0.06524148714385097,0.017306810284920194,0.01854968728283525,0.006899930507296812,NA,0.035429464906185246,0.02067720639332909,0.02685232800555948,-2423.032244614314,-1257.0252605976368,-1586.5820361362078,-1431.0405837386857,-1580.3464558721391,-1401.9103196664341,-1334.3993745656746,-1478.2282835302335,962.0682098148764,1402.9057009081382,855.4457607429001,1445.944305623471,326.68960429715924,1406.042824554666,956.379680055887,1418.6540965770175,2559.693540425529,6.142,8.14,117.4,91.9
2022-10-31,6.3,18.107212029569876,1176.9084637096796,30.35926411290308,400.2578915270099,2.5241717069892458,112.54311559139772,NA,0.051081989247312796,0.027284610215054222,0.05203595430107908,0.05068212365591485,0.030936827956990133,NA,0.04515961021505475,0.020298723118279634,0.04776411290322476,0.033801075268818,NA,0.04591196236559299,0.020989919354839112,0.0489089381720438,NA,22.263837365591424,20.589354838709664,23.52499999999996,24.43963373655924,24.9140591397849,NA,23.09032258064509,22.06658266129032,23.92547379032256,25.100245295698837,NA,22.307587365591388,21.58133736559138,23.503615591397768,NA,0.04037701612903291,0.0013524865591397121,0.029774529569892683,0.013751344086021343,0.01777352150537715,NA,0.03366633064516113,0.0021948924731182403,0.016111559139784386,0.0065799731182796285,NA,0.02198219086021522,0.0028874327956988012,0.02199831989247292,-41024.26186155913,-2625.869422043008,-2342.8096438171965,-1746.2255040322561,-1779.1974462365715,-33926.12510080646,-2018.9856854838702,-2221.177049731186,550.6740276209669,349.6940945564507,594.5380851142484,738.3876226814493,311.60787668010806,1091.1725775873626,535.4362823588716,323.06252030651376,752.656648894558,2.087,6.791,30.56,81.2
2022-11-30,18.099999999999998,7.334746180555555,1177.0839138888903,35.51796875,297.071661142024,2.9303958333333284,111.02755000000003,NA,0.04460624999999999,0.05314201388888935,0.04714652777777974,0.046460069444445154,0.02896875000000216,NA,0.05380624999999949,0.03988958333333398,0.04312326388888959,0.031036458333333336,NA,0.054533680555556185,0.04773437500000059,0.043587847222224245,NA,10.736906597222216,7.905578472222223,13.853795138888897,16.925086805555587,19.45766666666668,NA,11.809180555555562,10.023202777777772,14.37428472222219,19.335631944444454,NA,10.446719444444438,8.502134027777807,13.468267361111147,NA,0.026912500000000096,0.013878819444444341,0.021644097222223612,0.010632291666667267,0.01421284722222197,NA,0.04226631944444515,0.016078472222222296,0.010111111111111622,0.0056097222222225695,NA,0.0241916666666671,0.015781944444444546,0.015534375000000633,-23183.204687499954,-73199.1823611111,-47376.79701388886,-4428.838611111125,-4702.93604166663,-25226.696770833325,-6372.634236111128,-21716.845451388985,410.591273645833,330.35316201388855,470.8739030208338,542.4596322222226,301.0511947916666,778.2998436458336,463.78609972222233,365.4706937232526,552.4239725157549,-1.7819999999999998,9.79,21.33,98.3
2022-12-31,13.499999999999995,6.1986767473118265,1176.7679717741914,51.71214381720445,223.40557852317852,2.073718077956992,134.63402251344078,NA,0.04433266129032381,0.059133736559140074,0.045235887096774265,0.04379267473118512,0.027316532258065036,NA,0.05096169354838954,0.04014717741935517,0.0408807123655915,0.029250336021506063,NA,0.05425504032258251,0.05156216397849513,0.04143850806451686,NA,7.301389448924732,5.643874327956989,9.521438508064506,11.95705645161289,14.809848790322569,NA,8.878497311827962,7.825423387096784,10.53099798387098,14.26402553763439,NA,7.075695564516149,5.993949260752691,9.165825268817196,NA,0.02619758064516202,0.016623655913978616,0.018639448924731204,0.009216061827957152,0.012673387096774447,NA,0.04140524193548433,0.016734206989247276,0.00942977150537637,0.004953293010752942,NA,0.02524831989247341,0.019263776881720634,0.013588037634409585,-572.2141129032228,-99884.47802419355,-83544.46696908603,-13220.796942204312,-54062.3430107527,-28362.61307123655,-3533.5637432795597,-46785.43182123667,380.2414998319889,319.95699922715005,423.147828393817,425.6292246303766,299.5116452284951,598.2301967741937,421.6460985551065,348.6371761344537,474.6119752332831,-3.3360000000000003,13.08,19.58,99.1
2023-01-31,65.80000000000001,4.531469086021508,1175.9353272849467,58.13786626344081,238.58282614369568,2.7016767473118257,135.60173219086013,NA,0.107700268817204,0.09362668010752719,0.08669758064516223,0.057867271505373984,0.02601411290322789,NA,0.10371337365591501,0.08221438172043016,0.07527923387096778,0.027948252688171873,NA,0.09844590053763522,0.09188138440860212,0.08526680107526934,NA,5.597969758064511,4.129240591397837,7.3074905913978645,9.305883064516104,12.00352822580642,NA,6.539408602150554,5.551554099462353,7.869115591397853,11.584727822580641,NA,5.538203629032234,4.448784610215065,7.092640456989246,NA,0.0431334005376348,0.02506653225806472,0.03112600806451598,0.01937432795698916,0.012067204301075603,NA,0.05677352150537698,0.026956653225806954,0.02639448924731225,0.004726142473118291,NA,0.031768145161289896,0.023548723118280004,0.029303763440859623,-71.65984543010762,-6575.521841397877,-34194.005745967384,-15372.56387768811,-65514.87577284909,-17.222580645161305,-266.52731854838726,-14798.53904569887,415.651416633065,346.32678413080913,428.9914668010748,418.6387870295694,302.3560466035825,561.145921875,485.3910852486559,392.9955133126935,538.1343755366954,-3.812,12.89,16.32,98.5
2023-02-28,18.60000000000001,5.346427083333333,1175.436904761907,40.3945665922619,330.62504087519324,3.27994010416667,126.0427805059526,NA,0.09656026785714286,0.07453831845238022,0.09471316964285925,0.08009375000000409,0.02515699404761877,NA,0.08446837797619187,0.05004464285714339,0.07971130952380855,0.02720907738095331,NA,0.08355766369047701,0.06940922619047678,0.09382812500000119,NA,6.631149553571436,5.923024181547628,7.427250744047624,8.332233258928571,10.409062499999969,NA,7.760374255952379,7.244881696428577,8.298239211309538,9.922005208333346,NA,6.748200520833354,6.456361607142859,7.471098586309528,NA,0.043741443452381484,0.023164806547619203,0.03636235119047608,0.031248511904761887,0.011936011904762197,NA,0.052505580357143554,0.020637648809524043,0.03329389880952423,0.004790550595238298,NA,0.030859747023809763,0.020885788690476387,0.03598325892857138,-133.1686755952384,-17.415290178571325,-15.341778273809856,-18.684040178572015,-51038.68634672611,-847.0220610119004,-19.879055059523676,-24.434151785714192,460.9362860863096,365.1307844866072,504.94805985863155,503.77595383184587,298.669220611256,649.1035550967267,538.5551565848217,390.5389581473203,645.1219728626579,-5.5779999999999985,5.938,17.27,98.4
2023-03-31,33.00000000000003,6.790475806451618,1173.9260987903247,53.01003360215062,420.7154284988572,2.490177083333336,164.48746034946248,NA,0.1134035618279578,0.09098387096774238,0.10706350806451566,0.088164986559141,0.02550403225806476,NA,0.10235584677419408,0.0758618951612901,0.09042405913978538,0.030193884408602364,NA,0.09770698924731223,0.08750638440860246,0.10794354838709762,NA,9.323347110215046,9.319716397849467,9.501655913978507,9.730426747311878,10.653776881720447,NA,9.722421034946237,9.540676075268802,9.742504704301066,10.558410618279536,NA,9.39246202956991,9.641181787634434,9.544669354838717,NA,0.05142372311828,0.028937163978494922,0.041762768817205295,0.03482493279570086,0.012630040322581445,NA,0.06231283602150453,0.02801243279569927,0.0368887768817206,0.009220094086021386,NA,0.03637768817204306,0.025993615591398223,0.04257963709677429,-19.066834677419354,-15.956619623655799,-14.647379032258211,-15.594556451612712,-49523.93088037587,-20.013676075268826,-15.841196236559217,-20.955779569891998,588.5975670362918,449.487240322581,675.5501105174739,643.0602084341405,307.8459964682133,751.1275936155904,728.5776861895158,503.41022584005304,911.633688862672,-4.49,9.95,19.58,98.8
2023-04-30,0.0,14.8173128472222,1174.4899180555565,25.18329027777781,611.5743347076537,2.7263062499999995,155.02002256944456,NA,0.09710347222222178,0.05144687500000053,0.09767812500000235,0.08659861111111337,0.02831666666666761,NA,0.06372326388888666,0.03457013888888903,0.07490069444444511,0.043266666666665926,NA,0.06798541666666597,0.03843888888888929,0.09292708333333394,NA,16.872798611111083,18.307378819444402,15.715517361111125,14.520302083333327,13.759993055555565,NA,16.89041319444446,18.0559027777778,15.495565972222234,14.179350694444423,NA,17.262059027777788,19.598110069444466,15.983145833333351,NA,0.0600062500000002,0.018246180555555845,0.04826562500000052,0.03921631944444452,0.02197743055555547,NA,0.055745833333333245,0.012137500000000107,0.036601388888889,0.02975173611111123,NA,0.03683750000000041,0.012713541666666932,0.04677152777777846,-17566.004861111112,-20.276493055555648,-15.826493055555549,-16.255277777777867,-28109.324097222085,-23703.83743055554,-285.7977430555554,-54.464930555555554,811.9248202777798,911.0070394791677,900.9997208060446,1128.7247465625,320.04420050377814,1124.1389529513888,952.8120623611115,969.4582992708325,2455.513921095891,-4.237,5.2429999999999986,123.3,87.4
2023-05-31,5.3,18.440090053763434,1173.1715356182808,31.645184139784952,641.3370704373766,2.2835688844086026,161.3798894489244,NA,0.07753528225806476,0.028274865591398225,0.08591129032258091,0.07913877688171916,0.033430443548389414,NA,0.050299395161290235,0.024865591397849683,0.0531922043010735,0.044846438172043215,NA,0.051013104838709876,0.02106451612903247,0.07311861559139615,NA,23.025487231182822,24.464200268817244,21.901068548387013,20.492123655914,18.57432795698928,NA,22.099469086021532,22.83375336021503,20.902933467741946,19.531562500000014,NA,23.246827956989275,25.46090053763442,21.984838709677433,NA,0.06459509408602164,0.002057123655913986,0.05177587365591346,0.041137432795696975,0.04439180107527034,NA,0.04942775537634479,0.002865591397849437,0.028737567204302563,0.027258736559139872,NA,0.03118749999999997,0.0023403897849461827,0.044674059139784415,-22716.642943548373,-43.55591397849459,-28.947244623655898,-26.286592741935564,-1208.8707661290348,-25550.69623655915,-1701.859879032267,-1507.0580645161267,1066.536420303543,472.48877096121447,1334.6352423271485,1668.5687302529536,333.57932839797684,1677.8030419224306,948.9971462057337,430.7592568634066,1517.6196178209466,1.074,6.17,31.85,87.1
2023-06-30,3.000000000000001,21.62752083333338,1173.2012354166693,26.406292708333336,694.4381185402125,2.2578111111111077,167.9329125000002,NA,0.06556006944444373,0.02340312500000026,0.07191423611111138,0.07262395833333063,0.0346899305555535,NA,0.05056458333333377,0.021626388888889223,0.05142326388888988,0.0437208333333343,NA,0.04857430555555561,0.017969444444444836,0.06626909722222014,NA,27.09136458333334,29.16417708333333,25.87870833333331,24.441545138888902,21.822774305555583,NA,25.5205659722222,26.716795138888873,24.2359756944444,23.114940972222183,NA,27.17215624999997,30.152934027777786,25.762065972222214,NA,0.06463645833333233,0.000642013888888859,0.0482732638888893,0.038711458333333934,0.04947638888889013,NA,0.047264930555556285,0.0014232638888888112,0.02672951388888933,0.023413888888890115,NA,0.026777430555556064,0.000999305555555495,0.04266041666666743,-10695.647986111066,-290.3013194444451,-91.41326388888884,-44.68562499999985,-895.3211111111106,-9692.103437499993,-1475.4741319444454,-1678.739305555566,1193.436172430556,427.6735171527778,1770.6025774305554,2404.1279753472268,338.8086173958333,2113.364132291665,893.4462818402776,399.8300673263885,1431.7107316522358,8.87,1.5490000000000002,35.86,86.9
2023-07-31,0.0,30.136982526881628,1176.1307090053751,17.020019825268832,689.7353596308174,2.199423723118277,173.71369086021494,NA,0.057373991935484835,0.02073151881720458,0.0641522177419294,0.06664314516128922,0.03579469086021615,NA,0.04821102150537607,0.01990188172043023,0.052735551075267215,0.04268380376344326,NA,0.04357426075268872,0.0167130376344089,0.06140994623656161,NA,32.98876680107512,36.37722782258069,30.96394825268825,28.809768145161357,25.497866263440823,NA,31.913353494623667,34.10784610215054,29.592389112903184,26.88061155913987,NA,33.253726478494634,37.312459677419334,30.912432795698912,NA,0.0547946908602158,0.00018750000000000014,0.04583702956989439,0.03261962365591449,0.04878192204301306,NA,0.03614885752688208,0.0010003360215053035,0.027355174731183332,0.02028360215053827,NA,0.01576512096774191,0.000283938172043011,0.04112197580645128,-2228.7949260752803,-840.4332997311805,-499.9134408602148,-114.30705645161284,-831.2079637096804,-2350.886659946242,-1088.3009744623596,-1266.4677310924292,1178.5110076948931,431.9949876344071,1792.6690863575286,2747.227871303762,356.205263978495,2198.657454301073,842.7709599462374,407.9654498991931,1359.8164198740376,14.84,2.104,41.98,50.2
2023-08-31,57.200000000000024,26.70051411290325,1176.524502016129,30.954090725806537,570.6850829257417,2.3684042338709665,150.82561458333328,NA,0.07142338709677529,0.042995295698924484,0.06203393817204468,0.06199327956989392,0.0367264784946259,NA,0.06832896505376353,0.03887163978494595,0.06726008064516276,0.04102856182795795,NA,0.06053897849462429,0.03887802419354809,0.06094657258064558,NA,31.126549059139908,31.725124327956937,30.550376344086143,29.77765120967737,27.62705309139782,NA,30.31685483870965,30.542782258064573,29.526703629032323,28.727889784946264,NA,31.199075940860205,32.45341397849458,30.456034946236603,NA,0.051241263440859726,0.01598084677419345,0.042439852150538464,0.02713709677419388,0.04195799731182857,NA,0.05179233870967753,0.016536962365591306,0.037210685483872026,0.016506384408601867,NA,0.02760147849462384,0.014171706989247346,0.04090288978494701,-2620.3584005376424,-674.8478158602111,-1092.8444556451543,-512.3220766129019,-826.7393481182824,-3131.2214717741995,-747.3051747311907,-916.6926747311826,1287.1831695900537,581.8879011088695,1745.9704331317203,2458.1715040322574,369.5726813197975,2247.0592983870984,1285.78413514785,722.6657524529573,1732.4760767656096,15.92,1.83,38.58,98.9
2023-09-30,4.8999999999999995,22.57064615384617,1159.6732635,35.06442153846149,520.3629569295042,2.3920553846153867,135.76639269230736,NA,0.076326279338207,0.04616198537899269,0.06481377452866532,0.059996921893036716,0.03704232397075915,NA,0.06719122739515324,0.03808233936129302,0.0660538668718742,0.03953789919199797,NA,0.060938437860715164,0.036068872643324576,0.06375798383993925,NA,27.20336667949212,26.671977683724588,27.47833782223934,27.492000769526644,26.556571758368708,NA,27.19652943439782,27.032416313966923,27.13884955752214,27.065921508272417,NA,27.08524432474023,27.69515582916511,27.23602539438248,NA,0.06703307692307583,0.015006538461538228,0.04370346153846236,0.02438923076923126,0.03808961538461596,NA,0.07178153846153763,0.01577192307692306,0.042941153846154344,0.013964615384614965,NA,0.03898461538461572,0.01291115384615443,0.04276153846153896,-6365.594615384626,-271.08926923076933,-1188.516499999994,-871.51903846154,-980.8269615384711,-2851.929961538462,-412.1749615384615,-494.8917307692303,1513.101423986098,584.0665536500576,1985.2783464658114,2528.581867902659,369.6267600231752,2885.2272738509077,1771.2525469293162,807.4077278099663,2555.569265429232,10.09,6.19,37.83,88.5
