---file metadata---
location: PJ
date generated: 2024-05-08 12:36:46.442179
writer: sawyer.io.sawyer_out
writer HEAD SHA: d80c2a65b5cb7e9395ba8256543121646b55ef7d
called from: make_daily_files.py
-------------------
Date,Rain_mm_Tot_sum,AirTC_Avg_avg,BP_hPa_avg,RH_Avg_avg,PPFD_Up_umol_Avg_avg,WS_ms_Avg_avg,WindDir_MEAN1_WVT_avg,VWC_1_125_avg,VWC_1_2_avg,VWC_1_25_avg,VWC_1_5_avg,VWC_1_50_avg,VWC_2_150_avg,VWC_2_2_avg,VWC_2_25_avg,VWC_2_5_avg,VWC_2_50_avg,VWC_3_125_avg,VWC_3_2_avg,VWC_3_25_avg,VWC_3_5_avg,VWC_3_50_avg,TS_1_125_avg,TS_1_2_avg,TS_1_25_avg,TS_1_5_avg,TS_1_50_avg,TS_2_150_avg,TS_2_2_avg,TS_2_25_avg,TS_2_5_avg,TS_2_50_avg,TS_3_125_avg,TS_3_2_avg,TS_3_25_avg,TS_3_5_avg,TS_3_50_avg,EC_1_125_avg,EC_1_2_avg,EC_1_25_avg,EC_1_5_avg,EC_1_50_avg,EC_2_150_avg,EC_2_2_avg,EC_2_25_avg,EC_2_5_avg,EC_2_50_avg,EC_3_125_avg,EC_3_2_avg,EC_3_25_avg,EC_3_5_avg,EC_3_50_avg,PSI_1_125_avg,PSI_1_2_avg,PSI_1_25_avg,PSI_1_50_avg,PSI_3_125_avg,PSI_3_2_avg,PSI_3_25_avg,PSI_3_50_avg,CO2_1_125_avg,CO2_1_25_avg,CO2_1_5_avg,CO2_1_50_avg,CO2_1_SURF_avg,CO2_2_150_avg,CO2_2_25_avg,CO2_2_5_avg,CO2_2_50_avg,AirTC_Min_min,RH_Avg_min,AirTC_Max_max,RH_Avg_max
2017-01-31,86.00000000000007,2.890045037037038,839.674968,65.73221333333329,260.12358339653866,2.8959694814814916,243.09640385185216,0.022775111111112467,0.10817748148148158,0.13789274074074026,NA,0.11204503703703819,0.045975111111112195,0.05513037037037001,0.15584029629629426,NA,0.10745303703703743,0.028903111111110862,0.09563170370370347,0.20082488888889063,NA,0.11346577777777808,9.278517037037046,1.708607111111106,3.3090717037037063,NA,4.7019247407407425,9.562753481481455,2.264397333333337,3.714542518518507,NA,5.7676041481481475,9.598269629629662,3.710850962962972,5.0451620740740815,NA,6.3900918518518655,0.0019324444444443107,0.008967111111111004,0.04938014814814842,NA,0.03826014814814878,0.032792888888891224,0.004221037037037009,0.055187259259258804,NA,0.037277037037037414,0.014699259259259322,0.013042370370370388,0.1080642962962965,NA,0.029882666666667057,-100000.0,-94.74358396444453,-330.3335891259228,-702.915541191108,-60721.4160942642,-74.72011022222225,-16.486615973333382,-20.21253038222229,NA,NA,NA,NA,NA,NA,NA,NA,NA,-7.165,12.85,17.73,100.0
2017-02-28,52.60000000000001,6.158032506203463,839.0200529411716,63.48633746898263,321.9826996797175,2.5468272952853597,232.44616600496292,0.06517398858277519,0.1011134276495412,0.13256391164060605,NA,0.1138282452221396,0.1459108960039731,0.03928543062794706,0.14984139985108028,NA,0.11588657235046244,0.07109257880367457,0.06871605857532975,0.2049578059071716,NA,0.1252859270290381,8.778390419458953,5.873870935716054,6.642209977661963,NA,7.110053114916877,8.961677835691276,7.212177959791489,7.344443037974667,NA,7.748398610076943,9.2753685778109,8.301675601886311,8.420252419955297,NA,8.605568875651533,0.016762968478531346,0.009863241499131219,0.05588359394390683,NA,0.04493521965748505,0.1680235790518718,0.004445519980144042,0.06218466120625438,NA,0.040045172499380055,0.041757756267063906,0.012476545048399295,0.1220397120873687,NA,0.045367336808140056,-6549.53828759729,-17.606029409282716,-17.22997380739632,-15.062356942169261,-15.94564815586997,-766.0926378902918,-15.793174234301327,-15.356984725738474,NA,NA,NA,NA,NA,NA,NA,NA,NA,-6.723,14.92,21.35,100.0
2017-03-31,1.7999999999999998,10.758419747899175,843.0241562190681,31.58096477205443,496.37859071309424,2.7332748538011646,240.48804096989952,0.08216501575866228,0.08675461866414023,0.12197861323728448,0.08308622908622987,0.10507316524088274,0.2626418280053875,0.014883123181377465,0.13998221521836943,0.06972243672243601,0.11163890139577096,0.07070801440792315,0.047913784936049475,0.1760450247636195,0.06839081939081863,0.1134691580369248,10.483863380598708,9.617994315490279,11.369922574836808,13.205668096054893,11.000646410083299,10.573220346612652,11.5149521553766,12.247579113211778,14.586869639794179,11.171379698402037,10.49955975692096,12.137383704405504,12.269611073598915,14.345789022298455,11.448660589691652,0.023037362142696253,0.007946470866887656,0.0623839747918065,0.020619639794168206,0.0495431015079887,0.2990382624352966,0.003157271435338751,0.07194440693225321,0.025927530017153103,0.043677695250953726,0.04279045689849614,0.012449076267172047,0.1261291919873961,0.03667409948542003,0.04603871258158787,-14.798815032643015,-28.339215087797957,-19.253402551553656,-16.01132449797406,-15.14449681697426,-38798.5235860536,-23.49769221746956,-18.715935454749985,3596.9967717391296,1643.8392836879439,662.7916308797126,2838.71154039497,356.01329210053865,3759.7923112582794,1830.6140554621809,698.4963136690641,2915.2687010869577,-5.1610000000000005,1.249,25.0,91.4
2017-04-30,0.0,15.745000000000001,840.2140267515925,20.920945267958967,505.54256729152354,2.6123935698447918,181.9022727272727,0.07612992781787781,NA,0.10973403664630675,0.0671271515824544,0.0964580788450846,0.25589006107718193,NA,0.12418156579677939,0.05768073292615286,0.10279900055524564,0.06584619655746743,NA,0.12125652415324886,0.04949472515269328,0.1029955580233186,12.525561910049987,NA,13.606818434203207,13.916259300388655,13.263367573570234,12.813076624097715,NA,14.42760133259298,14.949016102165478,13.611386451971095,12.082052193226017,NA,13.482356468628524,14.045408106607468,12.906677401443678,0.022995002776235954,NA,0.064415880066629,0.01843531371460278,0.0512159911160473,0.3199250416435324,NA,0.07523931149361415,0.022227651304830905,0.0448861743475857,0.04220433092726368,NA,0.11351082731815697,0.03179900055524704,0.045451971127151936,-15.23402000499724,-470.12804007773445,-24.05205019433653,-18.662779511382638,-17.28469872848417,-85452.39568906157,-106.62717098278739,-26.43806151582434,NA,1623.297887850467,592.8766009345796,2761.3585700934586,364.11629813084124,4701.736504672897,1952.5002149532706,632.2461962616821,3118.565859813086,14.92,0.486,16.61,62.67
2017-05-31,0.9999999999999999,17.042658620034224,838.6289604304067,27.314446656711375,692.5997973455642,2.490243281471004,219.44746458492048,0.06460643564356773,NA,0.06274280999528195,0.026641324846770616,0.06386362564827879,0.24001603017444811,NA,0.08026874115982643,0.024254361150400614,0.06358038661009148,0.06221086751531826,NA,0.08313189533239482,0.03153771805752108,0.06544224422441941,16.213768269684223,NA,20.045437293729176,21.20506011315409,18.889401225836785,16.46365865157949,NA,20.87669731258829,22.47173620933513,18.80770155586996,14.781276520509321,NA,17.65516619519082,18.645212164073357,16.551759783120993,0.0222852428099923,NA,0.06560702498821239,0.008320367751060756,0.04966501650165241,0.3428053983969771,NA,0.08569825553984302,0.004597831211693147,0.042104196133892734,0.04558910891089265,NA,0.10776355492692147,0.015167138142386103,0.03389073550212405,-15.953865476718079,-43705.88543540796,-583.329753912066,-271.00349970178894,-26.627381868222443,-63164.01336138553,-2019.794911126807,-1969.5384926096117,NA,2049.171441487037,639.198754023494,3352.295144751382,374.6520494364635,7047.637150321053,2334.2815774179235,638.6913727513798,4108.156378216492,-15.6,2.915,32.28,98.4
2017-06-30,0.0,25.160882513165134,840.5472815989489,15.817074952561674,743.9150055946703,2.6906115740740764,216.6186383904294,0.04350821759258969,NA,0.05446215277777576,0.02142835648148185,0.04731145833333688,0.16291064814814873,NA,0.067777893518517,0.01836909722222267,0.05039594907407173,0.05414733796296236,NA,0.07597766203703672,0.02624224537037119,0.055081365740733815,19.570740740740767,NA,26.15389814814793,28.55037847222203,24.291093749999902,19.62090856481474,NA,26.621045138888785,29.337075231481563,23.49323842592585,17.632775462962908,NA,22.576504629629568,24.36541087962954,20.776160879629803,0.013921412037037471,NA,0.06043761574074084,0.003419444444444277,0.03743402777777964,0.2406689814814842,NA,0.08783530092592899,0.001650115740740612,0.04054097222222169,0.04154409722222169,NA,0.11010520833333609,0.0062333333333336695,0.029392824074072725,NA,-18327.659975485516,-1900.4945362615604,-1882.1574328009242,-642.3199369814888,-26561.773668401995,-1836.9066894675814,-4471.634438773169,NA,1707.9990706410815,614.0047288893513,2926.165753142366,392.19224191221736,6941.194409554927,2001.007253410493,611.7414454976353,3557.820750723434,-9.48,0.068,39.12,76.08
2017-07-31,37.40000000000001,26.666460194560205,843.4491320240583,31.446000888572957,640.0759588881806,1.9394498049414781,205.95874033479524,0.035462799167532144,NA,0.04737291883454913,0.026471644120708033,0.045385535900101,0.12197658688866359,NA,0.057370707596249036,0.02739008844953216,0.045397632674295016,0.05395746618106016,NA,0.06741259105098983,0.026838059313215586,0.051921696149840775,22.707068158169147,NA,28.89888137356928,30.3622749739854,27.416434703433925,22.71732700312237,NA,29.27524453694083,31.08204604578572,26.678560093652354,20.859391259105095,NA,25.70529916753363,27.3028642039541,24.11049167533811,0.007234100663284803,NA,0.04654090258811101,0.005403433476394922,0.026953439979192334,0.15770867473013458,NA,0.07284055143711905,0.00790063727402781,0.03794069449863639,0.03870347249317359,NA,0.09942398231239681,0.006828846403953973,0.027965795291973048,NA,-5992.389547367671,-1753.0732944606523,-2282.6419622092903,-2006.118885690657,-5987.9693210423675,-1540.3055138580787,-2385.6738385273106,NA,1476.9675786704897,782.8160530048079,2165.7413794760914,393.4297603174614,4386.0864957520225,1495.1077068592112,705.0154224945942,2421.4358570741038,6.372999999999998,0.068,38.01,96.3
2017-08-31,28.100000000000005,23.605055142921405,842.4879745295684,37.00823476702509,592.6001625096084,1.9003136200716904,207.86900492831546,0.03576366487455059,NA,0.047777105734765714,0.03929480286738407,0.044235215053767,0.11289090501792362,NA,0.0660392025089611,0.04811626344086024,0.04447311827957423,0.05846908602150328,NA,0.07431272401433713,0.049071684587814,0.05132123655913628,23.47025761648772,NA,26.88664426523294,27.172278225806387,26.205434587813652,23.59067204301124,NA,27.475844534050207,27.831552419354857,26.021792114695387,22.143008512544526,NA,25.23945340501791,25.917914426523275,24.21099014336911,0.005620071684587916,NA,0.04641509856630944,0.014674059139785388,0.025741263440860654,0.13071326164874728,NA,0.08643189964157658,0.02150649641577074,0.036674059139784373,0.04031137992831725,NA,0.1148035394265253,0.030718413978494917,0.02786895161290521,NA,-5461.020340501809,-1723.6396057347745,-2471.452822580639,-2206.6323028673864,-5596.630712365571,-1238.2161962365544,-2133.821729390694,NA,1445.3391646769037,714.3524720081152,2161.9859863807546,373.2539969284259,3766.173509997114,1517.489894813093,768.214532454363,2323.419893364244,11.02,9.51,35.23,89.8
2017-09-30,15.700000000000003,18.369023903457897,840.4247500694482,40.832240740740716,533.3362949907412,2.1232937499999935,228.87015185185217,0.03592013888888918,NA,0.045716666666668286,0.055750925925925426,0.04246689814814913,0.10808634259259697,NA,0.05860231481481388,0.05989166666666611,0.043500231481482514,0.05410185185185279,NA,0.06963796296296201,0.054997453703702515,0.05029027777778089,22.642949074074114,NA,21.783569444444435,20.589812499999958,22.50038888888893,22.94731481481478,NA,22.85894212962965,22.22697222222223,23.286229166666697,21.98600231481493,NA,22.569708333333452,22.609696759259293,22.52315277777765,0.005291435185185104,NA,0.03951180555555511,0.02165879629629652,0.0235754629629638,0.11547314814814758,NA,0.07066296296296248,0.02702407407407461,0.03424236111111195,0.034127314814817095,NA,0.10269884259259442,0.03222638888888893,0.026148611111112108,NA,-18357.145229272777,-6755.082218106031,-5323.528177818935,-2237.7391616489185,-20933.46456692915,-1661.01394163965,-2670.9410048622267,NA,1304.071153368174,780.3151586527305,1899.0809488966302,359.07344157955873,3317.5781265969777,1516.799231997673,936.0214236353067,2087.651357723573,1.744,12.13,33.33,96.8
2017-10-31,0.0,15.128509799504373,841.313682392471,23.09688261648747,448.8163212397324,2.428022625448018,256.6936922043012,0.034068996415771505,NA,0.04229390681003647,0.02295676523297503,0.03999260752688065,0.09997804659497918,NA,0.05440479390681085,0.020775985663082905,0.04131384408601967,0.050945116487459426,NA,0.06476187275985455,0.030779569892473217,0.0484200268817222,20.007867383512483,NA,16.996646505376287,15.435555555555535,18.1127217741935,20.4773767921146,NA,18.25417562724019,17.391799283154093,19.37169130824374,20.096807795698897,NA,19.73384856630827,19.722692652329805,19.874059139784894,0.0040029121863797736,NA,0.031779793906810974,0.005467741935484356,0.018904793906810033,0.09713373655913872,NA,0.059107526881719934,0.002396953405018051,0.029500672043010417,0.028793906810038416,NA,0.08892719534050243,0.00980085125448009,0.02340300179211449,NA,-68087.40194892473,-33975.388911290276,-30330.961603942746,-2800.342674731173,-55495.47045250927,-2241.97365591397,-4232.600940860216,NA,700.9786622022955,432.0426121322497,1121.3927978705508,357.63570140095277,2477.575575791542,842.46333253012,411.19070257775206,1365.5212398430883,2.004,3.448,27.37,98.9
2017-11-30,1.9,10.720170678863733,841.9890611111069,39.37703009259251,299.7932030741267,2.133933333333338,238.67456226851914,0.03371597222222219,NA,0.03943587962962899,0.01910231481481521,0.038099768518519886,0.09510046296296344,NA,0.05002129629629904,0.017430555555555786,0.039419444444441794,0.048253240740741846,NA,0.06058835046500447,0.02422893518518571,0.046380787037034986,17.621958333333268,NA,12.66626620370372,10.701224537037046,14.298627314814802,18.07047685185175,NA,13.438918981481509,11.762003240740768,15.690641203703752,18.17324305555565,NA,16.078707782672584,15.317636574074088,16.902432870370365,0.003891666666666463,NA,0.026177777777778407,0.003121296296296366,0.015546296296296266,0.08433379629629748,NA,0.04785717592592707,0.002000694444444344,0.02574189814815079,0.02499699074074075,NA,0.07520949074074139,0.004893981481481655,0.020632870370370367,NA,-93962.77293354947,-93254.89291502663,-44388.5832831673,-3665.8903449872605,-86793.73968511219,-3429.094513888894,-12576.14770833334,NA,564.7640733766236,399.86751629870156,931.5424047891717,352.0043006246745,2019.3572720779152,671.0313017532465,377.05627597402525,1102.022382272727,-4.085,3.383,24.86,98.8
2017-12-31,0.0,7.497982175925912,843.832979233872,20.128854614695307,269.2293948981698,2.7327387992831516,259.21998857526876,0.03267943548387231,NA,0.036838037634410604,0.016988799283154495,0.035914874551971336,0.09117271505376189,NA,0.04654480286738038,0.015135752688172285,0.03732706093190299,0.04618234767024857,NA,NA,0.02163732078853088,0.04377374551971516,14.590022401433725,NA,8.066807795698917,6.1394381720430244,9.962957437275973,15.037065412186355,NA,8.632480286738362,6.806553763440885,11.50417338709678,15.451693548387087,NA,NA,10.959221774193551,13.204538530465996,0.0035813172043009434,NA,0.02154189068100396,0.0022589605734767465,0.01321617383512502,0.07440815412186728,NA,0.038897849462366414,0.001893593189964065,0.022181451612903573,0.02169108422939005,NA,0.06999999999999464,0.00392629928315397,0.01785730286738365,NA,-100000.0,-100000.0,-96440.99343637993,-7448.238799283166,-97281.54771505372,-11950.759923835096,-64358.547311827875,NA,484.5626952228525,391.0395628170396,NA,NA,1654.4936441763118,607.2534828859892,372.5863910120647,937.8058379955684,-6.655,3.584,21.6,69.17
2018-01-31,41.599999999999994,7.46103174245834,843.6223369565184,42.15378763440858,283.3504816975222,2.1214890232974817,248.1733279569892,0.033039677202421104,NA,0.07915400134499048,0.07967294328626037,0.03524613315399927,0.08966539668310386,NA,0.09866674137158304,0.07250997534185198,0.037160466158676395,0.04499999999999641,NA,0.13801952461799702,0.07378049327354316,0.042729717615421735,12.375791125056072,NA,6.6262525773196055,5.425454952935934,8.126145450470666,12.759805020170365,NA,7.472921783953393,6.481533841326774,9.635950694755662,13.333585835948034,NA,9.922132710809302,9.969019722097709,11.372173913043417,0.004508068130883067,NA,0.04302644554011601,0.016279246974451236,0.013536530703721347,0.06963200358583256,NA,0.05663558942178291,0.020495069475571788,0.021820259973107072,0.020264231286418306,NA,0.10913155535634216,0.027462796952039716,0.01690542357687162,NA,-96250.09224489794,-100000.0,-100000.0,-10451.4799019608,-94036.68473469387,-5662.015102040821,-67738.99746938782,NA,811.3104439017909,573.0721971443814,1089.916156737589,353.508807234043,1677.2230493728312,894.6535178009048,527.9969198291967,1168.2898295970115,-4.636,4.763,20.45,100.0
2018-02-28,6.299999999999999,5.468594567655112,840.0490451636852,39.56452604166667,366.4629206496587,2.3800548115079425,247.79714062499974,0.034004464285716185,NA,0.07602182539682548,0.07121577380952268,0.03737549603174676,0.09363888888888987,NA,0.0784060019841259,0.05896478174603169,0.03893799603174803,0.04587499999999963,NA,0.08888913690476483,0.045094990079363864,0.043850942460318613,11.300262896825373,NA,6.592978670634947,5.166988343253958,7.916103670634939,11.66014880952383,NA,7.780123759920637,6.723116815476182,9.411804811507976,12.113182043650783,NA,10.043119791666667,9.600838293650801,10.762960069444418,0.005953869047619175,NA,0.04724999999999984,0.01828323412698453,0.017091765873016293,0.07376289682539407,NA,0.05940550595237989,0.021388640873016212,0.02388293650793585,0.02071304563492049,NA,0.0981398809523825,0.02206101190476256,0.01807862103174575,NA,NA,NA,NA,NA,NA,NA,NA,NA,760.1945327024506,448.69874045919903,1100.2585364256868,352.09003043748095,1895.792160719828,911.4128459509781,473.96648997828106,1291.0192621780952,-9.52,5.061,21.0,97.3
2018-03-31,38.80000000000001,7.535851025467657,839.6808613999543,48.17417611336029,453.2259306948895,2.424834457939722,241.42975438596477,0.03393381359747961,NA,0.08429401170643742,0.0981497073390366,0.03886312471859349,0.09454367402071524,NA,0.06646803241783185,0.083669067987394,0.04029153534443969,0.045666366501575406,NA,0.10866591625393944,0.07921566861774021,0.044014858171992986,10.594691580369272,NA,8.24511976587124,7.679664565511021,8.663210040522324,10.936751463304835,NA,9.558016208914905,9.516987393066177,9.713140927510144,10.892336785231935,NA,10.050755290409716,10.215660288158489,10.10842863574968,0.005914472203466298,NA,0.05031645284717509,0.02315957686248087,0.019420436641909018,0.07582714382173922,NA,0.059153724960612955,0.02867341886113013,0.024987620976817213,0.0204906594643267,NA,0.10197141571010604,0.030848975917173373,0.018231150123790625,NA,0.0,0.0,0.0,0.0,0.0,0.0,0.0,1618.7432641878645,954.6322886068831,602.1866311900735,1266.06031562324,353.1492573886085,1922.5099216018054,1127.853136463624,563.4068212633945,1432.1529089114495,-9.37,5.982,23.64,114.8
2018-04-30,0.1,14.095467038068696,839.4034493055543,26.67601458333336,631.8883380863597,3.0346145833333384,244.71498657407426,0.0350171296296275,NA,0.07131226851851682,0.05563564814814732,0.042995138888892816,0.0992761574074109,NA,0.06673865740740503,0.04380532407407397,0.043592824074075526,0.047156249999998526,NA,0.08125231481481757,0.04432314814814924,0.047148842592591354,13.49572685185181,NA,16.61848379629632,16.877421296296323,15.809550925925983,13.642916666666652,NA,17.757000000000065,18.47909953703703,15.793210648148115,12.858888888888805,NA,16.0909513888889,17.058587962962957,14.798384259259278,0.006433333333333649,NA,0.05765717592592636,0.0187462962962966,0.02605231481481523,0.08608263888889027,NA,0.07219699074074072,0.015971527777778143,0.030866898148149115,0.022743287037036895,NA,0.10197708333333473,0.022034027777778305,0.02169560185185227,NA,NA,NA,NA,NA,NA,NA,NA,2231.9079122466687,1167.2645474232788,545.7632873480034,1736.8885248986678,363.0970909959465,2601.7900031847134,1351.657075275046,604.641626548928,1877.874655761432,-1.7919999999999998,4.997,28.38,85.9
2018-05-31,6.799999999999997,17.156009905448038,838.5452030241968,32.19555376344084,683.1987299688054,2.427882168458784,217.4275235215051,0.03461671146953313,NA,0.0475017921146936,0.029350134408602555,0.042222222222224194,0.10003068996415704,NA,0.0599363799283163,0.029295698924731575,0.042873207885308455,0.04714448924730982,NA,0.06658490143369107,0.029144041218638415,0.0470194892473097,16.802757616487487,NA,21.183915770609314,22.12179032258075,20.047701612903257,16.84765681003588,NA,21.603449820788565,22.704554435483846,19.542361111111152,15.362092293906798,NA,18.55038754480282,19.643904569892484,17.408458781361954,0.004847446236559394,NA,0.04570071684587846,0.008643817204300928,0.02330129928315495,0.08467809139785416,NA,0.06960909498207876,0.006398745519712803,0.03178360215053677,0.021640232974910655,NA,0.08943772401433706,0.007669130824373002,0.021581093189964984,NA,NA,NA,NA,NA,NA,NA,NA,2327.7504812008956,943.7351260662185,495.6752246632985,1482.1541647025765,370.88123288439857,2642.1856416947203,1085.0838247755332,480.49860718294104,1678.5734231200868,3.284,5.632999999999999,31.5,98.6
2018-06-30,0.0,23.674118284869355,840.0005496503503,17.772937572522586,758.9452691192265,2.444206032482602,211.6241044083524,0.03396870621205169,NA,0.04600583839327172,0.021242877160206137,0.043026623073334484,0.09753503035964121,NA,0.057134516581039935,0.018916160672583095,0.04300000000000393,0.04699999999999758,NA,0.06504787482484742,0.02386268099019242,0.04814502568893302,20.214156936011225,NA,27.32032227930876,29.83902849135918,25.32591078935075,20.087564222325994,NA,27.143351237739424,29.40295889771132,24.0833465670248,18.28417328351233,NA,23.220581503970216,25.130873423633776,21.41960765997197,0.004239393939393878,NA,0.038902797202797705,0.00204801864801852,0.020525641025641292,0.08219487179487563,NA,0.06739766899766887,0.0015734265734265792,0.032627972027971144,0.021364102564103992,NA,0.09034685314685241,0.004172027972027828,0.022464335664334627,NA,-5564.967441860458,-1352.1309481216433,-2047.685330948125,-2750.58792486584,-7030.237835420395,-1332.3132379248675,-1987.8707513416828,2472.087293653124,793.2954714327475,465.9640315589361,1279.3890175489921,382.8153458028657,2451.7874160818697,917.3013928926596,435.9734372038606,1485.2938207078137,7.752999999999999,2.9810000000000003,35.91,82.7
2018-07-31,60.70000000000001,24.55764474423836,845.0482256015365,40.006649833253924,629.3061773558613,1.7294478323010962,192.99800000000005,0.03473034249879391,NA,0.05612831644958968,0.05772165943077651,0.042818620356970635,0.09693970091654831,NA,0.06490496864447752,0.054801736613603394,0.04299276410998685,0.046999999999998154,NA,0.08296333815726127,0.045776652194886525,0.04958273034249901,22.594573082489102,NA,27.890024119633342,28.71162083936326,26.791061263868837,22.39945972021226,NA,27.675229136517082,28.691432706222873,25.817221418234542,20.59107091172218,NA,24.50254703328507,25.700853835021693,23.31189580318376,0.004915784408084523,NA,0.04103753609239688,0.016801251203079872,0.019692974013474085,0.08430750721847842,NA,0.06599133782483216,0.020148219441770858,0.03293407122233005,0.021923484119344614,NA,0.1024393647738208,0.016842637151106846,0.023229066410010275,NA,-5311.632149418234,-1556.2260869565232,-2080.406368646665,-2433.5987140232733,-5737.535456215571,-1365.4549908144536,-1934.3475811390113,2174.701074817518,1431.0368696472008,1275.3731991484196,1687.116690997566,390.58879197080347,2499.799720802918,1439.207188138685,895.364822506084,1779.673943430658,13.25,3.65,37.37,100.0
2018-08-31,0.0,24.1431231380338,842.0494760717831,28.96324665012414,610.7632117706286,2.207677419354839,213.35446203473958,0.034900649026459236,NA,0.047487269096355214,0.04225212181727395,0.04370993509735445,0.1039785322017007,NA,0.06093609585621648,0.03304543185222214,0.0445566650024957,0.048024451097805336,NA,0.07001347978032738,0.030781328007988308,0.05016367265468901,24.480384231536927,NA,27.29342315369263,27.3662774451097,26.842569860279404,24.646157684630925,NA,27.976202594810395,28.674610778443064,26.796152694610782,23.273542914171628,NA,26.1568562874252,27.200863273453088,25.227135728542958,0.0045563310069788865,NA,0.04110867397806598,0.019669990029910142,0.021914755732801466,0.0940054835493508,NA,0.07534845463609117,0.007375373878365132,0.03516400797607148,0.023461116650050823,NA,0.10422981056829543,0.00872283150548347,0.02535194416749682,NA,0.0,0.0,0.0,0.0,0.0,0.0,0.0,2430.356895499996,938.4272946499984,525.0503589000001,1467.8649854999985,384.06658375000063,3017.8260159999973,1050.331747249999,488.6712324000009,1737.013624500002,12.03,4.09,34.7,71.62
2018-09-30,7.599999999999998,21.93011805555555,840.9430214583292,25.445217361111037,555.8911830334383,2.080658101851848,216.58757800925915,0.03400000000000125,NA,0.04511898148148451,0.02307986111111085,0.04221064814814949,0.10007384259259187,NA,0.05651157407407773,0.023502777777778604,0.042824305555558155,0.04735833333333168,NA,0.06613726851851841,0.02473356481481569,0.04916458333333768,23.916201388888922,NA,24.9194745370371,24.327974537037036,25.036312500000022,24.112493055555646,NA,25.608981481481383,25.656766203703633,25.269087962962992,23.22954629629617,NA,25.48722685185185,26.326606481481384,24.771608796296313,0.004028935185184994,NA,0.031302083333333196,0.0031275462962965855,0.018157638888888442,0.08763263888888709,NA,0.06355046296296328,0.0027111111111113133,0.032204629629630596,0.021961574074074446,NA,0.0930581018518515,0.004339583333333321,0.02351759259259197,NA,NA,NA,NA,NA,NA,NA,NA,1997.234794212964,742.7193109722202,479.0866022916665,1158.467101157408,382.28468613425974,2490.7013604166505,838.887161967592,444.2028940277795,1382.9251203703648,10.07,4.158,33.34,94.3
2018-10-31,13.699999999999992,12.817765008960583,840.0987606854794,46.2847607526882,397.7818849308846,2.3921924283154103,227.24450537634385,0.033259184587812435,NA,0.03950604838709525,0.023854614695341052,0.03803001792114947,0.09453853046594801,NA,0.05029077060932252,0.030616711469534687,0.03996057347669976,0.045978494623653096,NA,0.05937298387096618,0.023779345878136605,0.04595855734766649,21.18587365591397,NA,16.34078405017922,13.6495728046595,18.23194444444437,21.635434587813627,NA,17.43378136200716,15.518285170250897,19.711391129032254,21.21596102150531,NA,18.855432347670256,17.972159498207848,19.980508512544834,0.0034399641577060568,NA,0.02069377240143388,0.004544578853046576,0.014515681003585227,0.07846146953404985,NA,0.04623051075268801,0.006499551971326182,0.026551523297494013,0.020028225806454122,NA,0.07121550179211503,0.004014560931899446,0.019774193548388535,NA,NA,NA,NA,NA,NA,NA,NA,1584.19751792115,594.7926398969516,471.7120739695323,923.4594314516122,361.61775138888987,2028.0402737455263,726.95400237455,450.62851207437274,1140.5396299283168,1.541,7.972,25.88,98.8
2018-11-30,13.399999999999999,8.228911574074036,841.7786873611132,31.603010416666592,327.58483245744145,2.3918069444444505,250.45500277777757,0.032085185185185994,NA,0.036907407407408686,0.025123842592593384,0.035599305555553115,0.08946990740741095,NA,0.04771712962962769,0.025038657407407915,0.037831250000002294,0.04449814814815155,NA,0.05787106481481808,0.027138888888888806,0.04386412037037219,17.420618055555515,NA,10.582584953703702,8.058828472222247,12.815002314814825,17.927655092592506,NA,11.59458773148149,9.48175833333337,14.62775000000009,18.093071759259153,NA,14.519856481481476,13.463891435185165,15.979979166666618,0.0030243055555556372,NA,0.016945601851851597,0.004389120370370604,0.012234027777778655,0.06872245370370453,NA,0.039321064814816044,0.004041435185185435,0.022372685185185474,0.018011342592592305,NA,0.06306504629629665,0.005353472222222158,0.017128472222223384,NA,NA,NA,NA,NA,NA,NA,NA,1239.8370708333339,488.5655419212964,414.0725050231476,716.5153886342578,361.4414383333323,1682.3401937499982,604.2054952777764,384.12400722222173,937.4372134259261,-6.5870000000000015,3.916,21.42,98.3
2018-12-31,11.799999999999995,4.439228494623667,840.9943461021519,47.11608422939062,245.6274995680068,1.9699818548387096,240.92906227598604,0.032026433691755826,NA,0.03595743727598623,0.0845152329749092,0.03345362903225889,0.08613866487455642,NA,0.045669354838708855,0.0704702060931899,0.03628091397849694,0.04306854838710077,NA,0.09205869175627407,0.07145810931899604,0.04148476702508892,13.43212141577062,NA,5.129938620071693,3.214181899641573,7.562184139784938,13.932101254480303,NA,5.999551747311833,4.077584229390691,9.544171146953408,14.1906182795699,NA,8.828632392473162,7.674371415770606,10.849204749103981,0.0034587813620070105,NA,0.017228718637992697,0.02015412186379997,0.0106211917562732,0.05907706093189924,NA,0.03367540322580643,0.021507392473118916,0.0195172491039424,0.016241935483870477,NA,0.09101948924731176,0.030689516129031837,0.014820340501792232,NA,NA,NA,NA,NA,NA,NA,NA,1136.2231418010776,617.6282680107531,473.52799041218753,778.8066687948026,363.75147043010753,1507.9930940860181,672.7285077284956,444.70595701164933,944.256095295699,-6.316,8.3,19.39,100.0
2019-01-31,35.60000000000004,4.534919685039358,841.7876268841403,54.93068503937002,257.9765411224958,2.497465916760407,227.26809381327394,0.032520477047702785,NA,0.07001620162016137,0.10047119711971238,0.03356323132313386,0.0847736273627315,NA,0.07973649864986487,0.0902191719171919,0.036445319531956566,0.04227115211521379,NA,0.11926935193519378,0.09947164716471626,0.045026552655264916,10.644871737173718,NA,4.282729972997301,3.2610139513951415,5.780062781278118,11.039732223222359,NA,5.023662916291619,4.108819081908192,7.306708820882108,11.243559855985676,NA,7.227702070207046,6.675517326732662,8.459621737173716,0.004373453318335077,NA,0.03650798650168685,0.021523959505062067,0.011516310461192274,0.05423262092238684,NA,0.04979145106861619,0.024754555680540174,0.019345331833520746,0.015106636670416668,NA,0.094764004499439,0.03379010123734575,0.01586119235095633,NA,NA,NA,NA,NA,NA,NA,NA,1121.5532541404161,690.9019839783982,490.508026530154,866.2171862286237,365.70890492799396,1436.186295004501,743.8877473447336,482.42326230873124,995.5053605535537,-7.193,7.364,18.02,100.0
2019-02-28,83.39999999999995,1.2776759581881498,836.1749659447337,63.27925335988025,334.4567601961451,2.785188651070184,222.2791637630664,0.03319865571321909,NA,0.11736221060493199,0.12873960667164497,0.08245730644759827,0.08559770973363044,NA,0.13697386109036352,0.1141657953696794,0.07145133183968334,0.04216728902165986,NA,0.18625292506845822,0.14639183470251438,0.11721682847896606,9.280069205875044,NA,3.2361501120239207,1.9081282051282034,4.66397684839431,9.670577545431899,NA,4.0081053024645215,2.9579855613642008,6.114837938760315,9.515709484690072,NA,5.619130694548205,4.975320139407515,6.760675130694511,0.005155339805825357,NA,0.04686457555389698,0.020071446353000306,0.03277022653721795,0.056130196664181016,NA,0.059847896440130714,0.02727508090614945,0.02920238984316742,0.015001493651979716,NA,0.10903136669156167,0.038659945232760874,0.0387393577296481,NA,NA,NA,NA,NA,NA,NA,NA,1368.7568889442223,820.3798924551803,506.05103137450135,1116.341212275899,366.8544719123511,1607.3199526892404,882.1961578934271,541.5346371264959,1230.1083767430289,-9.3,10.72,14.72,100.0
2019-03-31,26.899999999999988,6.865297848498439,839.168658273539,52.17485208426696,478.69907172918647,2.8372012550425816,229.1169937247873,0.03489549226283715,NA,0.1136288405472076,0.11859363085893791,0.0991785153621892,0.08957053150930684,NA,0.12815137923300926,0.10006369141063094,0.09676676384840163,0.06598699259923796,NA,0.16746288405471949,0.11246893922404269,0.10576743664498982,9.186215743440197,NA,8.099049562682223,7.650338192419826,8.232819690513539,9.437102489347382,NA,9.090707557748386,9.17111078717204,8.841274501009174,9.2049921507064,NA,9.35846804216195,9.672686701054044,9.099030724377672,0.0067448430493277515,NA,0.05349529147982109,0.02374529147982105,0.045795739910314194,0.06312488789237654,NA,0.06752869955156976,0.03169641255605417,0.03993475336322805,0.032669282511209874,NA,0.1167865470852041,0.03902869955156997,0.041510538116592215,NA,-17.848949240219838,-16.819107662463598,-17.993889427739926,-59.866666666666674,-26.150662786938252,-18.010636922082075,-18.218267054639455,1999.854470838933,1131.509399730822,569.4097582772526,1658.1850296096854,370.70966043068705,2117.7494201435566,1155.1758808209986,718.6017454015279,1769.2930870345492,-3.674,10.46,19.25,100.0
2019-04-30,24.2,12.717126083899704,838.578710415198,40.3536653386454,590.4264883824181,2.86015865947973,247.2887822826339,0.0361423879896805,NA,0.09631222144030072,0.08287567440769428,0.08913019000703731,0.09637673000234634,NA,0.10618578465869058,0.06852474783016706,0.08778512784423846,0.07730049261083857,NA,0.10095449214168413,0.059296504808820566,0.08497020877316491,12.437436077879461,NA,14.729981233872861,14.87240112596765,14.070893736805122,12.566317147548673,NA,15.977234342012707,16.548341778090563,14.329498006098982,11.620476190476174,NA,14.317405582922811,15.235740089139107,13.215102040816365,0.007627257799671286,NA,0.06198099929627036,0.024226366408633095,0.05055195871451841,0.08205747126436744,NA,0.07848510438658285,0.029362420830401803,0.04384072249589266,0.04303589021815846,NA,0.10858784893267803,0.030618578465869458,0.03980014074595622,NA,-214.31956368754368,-24.976495425756404,-21.28740323715696,-45.32279586973807,-28659.26753460019,-452.7017124091014,-79.69444053483475,3144.5805618399418,1546.159961253227,701.4319000704073,2517.533464444965,378.5314795587895,3232.7929026050197,1686.675376906828,783.7879040835483,2594.8847326918526,-0.625,10.13,27.72,96.1
2019-05-31,24.600000000000023,12.232903225806448,836.1991243951612,50.68052643369199,623.6274720563722,2.5462352150537755,223.16207123655923,0.038546370967739975,NA,0.062415770609318605,0.07248051075268797,0.060532930107526424,0.10094690860214443,NA,0.07724372759856865,0.07102083333333328,0.06198767921147127,0.05931182795699096,NA,0.07976680107526832,0.05458042114695449,0.058411738351255245,15.297282706093075,NA,16.296353046595005,15.963611335125458,16.23082213261642,15.520049283154187,NA,17.41533826164872,17.551506048387104,16.6991129032258,13.782739695340599,NA,14.796879480286734,15.11193100358425,14.526124551971293,0.008754928315412467,NA,0.0561892921146957,0.02262007168458818,0.04249126344086077,0.09898140681003409,NA,0.07466980286738334,0.02790456989247341,0.0397952508960577,0.03539672939068243,NA,0.0974370519713257,0.02657168458781427,0.028691756272402957,NA,-71.82081093189974,-293.5448252688176,-198.57990591397848,-1159.696841397851,-2251.439919354841,-1636.6693772401466,-4098.113194444429,4497.4104681899935,1940.1382352150526,876.8024532258066,3224.355043682804,378.4159412858425,4489.567717741937,2097.7542372311796,885.380831496414,3308.8745737007134,0.862,9.55,25.07,100.0
2019-06-30,0.1,21.767788194444446,840.3212222222248,22.580581712962974,720.4125095591074,2.3728645833333353,221.89709537037066,0.03619097222222111,NA,0.05098796296296588,0.028692129629630136,0.04570810185185441,0.10154166666666851,NA,0.06447569444444283,0.02804907407407473,0.047139120370366806,0.05019837962963198,NA,0.07210532407407513,0.03709212962963004,0.05064513888889228,17.968956018518547,NA,24.391541666666647,26.329627314814825,22.52705555555567,17.891062500000043,NA,24.87789120370368,26.879340277777807,21.680858796296324,15.959578703703706,NA,20.66857638888896,22.26374768518514,18.855585648148175,0.005819212962962917,NA,0.04871921296296361,0.004512499999999792,0.031265046296296714,0.09845069444444562,NA,0.07436967592592658,0.003930555555555774,0.03604930555555498,0.026436574074074976,NA,0.098242129629632,0.014329166666666717,0.02484814814814893,NA,-2993.602916666663,-1324.6213657407438,-2149.302737183946,-4723.908819444433,-12968.926666666614,-1519.7736111110971,-4086.015949074123,3845.972163425928,1407.8078248842576,617.8909370833328,2489.9621939814824,399.95276449074106,4133.758112268518,1551.7757884259274,578.3212132870353,2615.331807407405,7.023,5.6560000000000015,33.67,61.55
2019-07-31,19.000000000000004,24.759206989247286,842.396007661288,24.558695340501757,690.6804386558063,2.2282251344085995,217.96442271505444,0.034329525089607134,NA,0.04649193548386885,0.03466733870967786,0.04383848566308437,0.09822020609319161,NA,0.05772625448028625,0.032692237233799104,0.044198476702509946,0.04738261648745367,NA,0.06742652329749138,0.029609543010753667,0.04901814516129493,21.620893817204312,NA,27.84254480286735,29.426771953405,26.28916218637992,21.41411514336913,NA,28.01902553763449,29.983707010582034,25.278767921146837,19.54217517921144,NA,24.371973566308213,26.002587365591285,22.704498207885273,0.004058019713261544,NA,0.03385394265233039,0.006729166666666576,0.023092965949822755,0.08604793906810237,NA,0.06234453405017924,-1.9601718189964215,0.03402307347670351,0.022289874551972597,NA,0.09213597670250773,0.00637365591397843,0.02385931899641636,NA,-2869.721370967741,-1416.0724238351352,-2165.6364695340476,-2866.6252912186383,-3650.615681003596,-1291.3337813620085,-2093.4235439068034,2665.185043458779,1095.5536358198942,714.2499763664879,1689.3963232526846,404.20567685931763,3107.904721998202,1261.0406264336937,649.6335645609323,1911.3105477150564,9.93,5.6110000000000015,35.91,94.4
2019-08-31,11.799999999999999,25.06726254480289,842.4053117607567,23.62882168458773,663.8433655368356,2.093854166666675,221.2425109767019,0.03431227598566348,NA,0.04701254480286724,0.04176478494623638,0.04364202508960955,0.09966129032257715,NA,0.0575618279569856,0.07782146057347707,0.044428539426527226,0.04748476702508937,NA,0.06818660394265122,0.05183243727598513,0.049749551971331574,23.188084677419436,NA,27.591323924731167,28.163189964157706,26.684910394265202,23.199881272401587,NA,28.24901657706092,NA,26.269693100358467,21.60450492831563,NA,25.730945340501766,26.837186379928337,24.33683019713263,0.0038557347670249344,NA,0.03224171146953446,0.009138216845878774,0.02340479390681028,0.08716465053763083,NA,0.061611559139785374,0.0330672043010758,0.034439516129031886,0.021516801075269515,NA,0.09457056451612984,0.026960573476702852,0.024058915770610215,NA,-2413.2972222222174,-1456.1545250896074,-2110.9193902712377,-1981.4808915770532,-2113.5826164874593,-1197.2691308243598,-1611.9224014336903,2406.8724910394294,990.3178523969511,611.4023295250901,1516.3558942652312,402.8206271953402,2840.479712141575,1121.590716106631,633.2718775089598,1733.6003732078811,11.29,4.835,35.31,90.3
2019-09-30,11.099999999999993,19.48573379629629,840.6220901388879,32.66463287037047,550.156402231383,2.3802398148148183,213.73682592592627,0.033828472222222676,NA,0.044085416666666946,0.021415972222222874,0.04204722222222102,0.09691597222222918,NA,0.05387662037036874,0.04538981481481518,0.0429666666666686,0.04746550925925868,NA,0.06538379629629298,0.026934259259260497,0.0489375000000023,23.403025462962997,NA,24.209763888888887,23.3113888888889,24.545567129629603,23.569039351851806,NA,24.976557870370335,NA,24.870150462962954,22.533011574074173,NA,24.53524305555552,25.016333333333357,24.07482175925928,0.0037835648148146148,NA,0.02295439814814811,0.0014562500000000287,0.018950694444443646,0.08145509259258972,NA,0.050417824074073685,0.013285185185185587,0.031213888888888704,0.020823379629629126,NA,0.08562800925925712,0.004983101851852316,0.022750462962965096,NA,-29265.59722222218,-3133.143356481488,-3628.824722222227,-1856.7694212962895,-15877.102476851791,-1319.4195370370267,-1849.7157407407467,1930.5952706018543,682.2526868055579,443.07287553240917,1118.1608723842594,383.38977782407403,2355.7559506944444,878.91676139706,432.80706789351973,1421.144767156861,3.577,6.437,34.97,98.6
2019-10-31,12.4,12.415317428315412,840.7795645161272,19.300791218637972,457.51953142873276,2.681448924731188,252.70668862007176,0.033153673835125345,NA,0.03855421146953487,0.01789986559139831,0.03802889784946318,0.09169847670250657,NA,0.04857146057347766,0.02160192652329793,0.04021034946236465,0.04628382616487271,NA,0.05964292114695247,0.022392249103943166,0.04626232078852831,20.454520609319044,NA,16.201603942652312,13.903327060931897,17.88980510752688,20.87512320788523,NA,17.373882168458792,NA,19.299995519713224,20.513295250896018,NA,19.2520542114696,18.930129928315402,19.8788664874552,0.0031198476702509696,NA,0.015407258064516314,0.001057347670250877,0.014317876344086988,0.07076254480286447,NA,0.0371173835125453,0.0015656362007168722,0.02556698028674014,0.01882661290322533,NA,0.06715277777777773,0.003246863799283184,0.019373655913979052,NA,-82765.08259408611,-44855.01081989248,-24614.402956989255,-2587.069668458785,-62408.640479390764,-2190.082862903229,-3348.7270609318884,1497.4041848118263,529.23619030018,411.1098286514353,834.1716392473115,373.50174740143393,1914.7322403673809,NA,396.71925407706,NA,-6.176,1.978,26.84,72.34
2019-11-30,1.1,11.19764472123368,842.1220729537351,29.130462792766096,336.3303622848414,1.8256208123332327,241.41366617254687,0.03242912218267922,NA,0.04816310794780662,0.04138641755634672,0.035818801897984504,0.08730931198101892,NA,0.058783511269277396,0.05375175572519126,0.03854685646500643,0.04506316725978578,NA,0.07633362989323844,0.04457502965599091,0.044714116251485136,17.544181494661927,NA,11.994345788849355,10.29182740213521,13.771325622775759,18.021841637010652,NA,12.958599347568198,15.983533721898441,15.366666666666664,18.21988434163695,NA,15.95026393831555,15.588476275207618,16.816963226571772,0.0029774614472124145,NA,0.018680011862396578,0.005215599051008223,0.012241992882562815,0.06359549228944175,NA,0.03735349940687965,-2.5856645907473133,0.021946322657176057,0.01715717674970459,NA,0.07175652431791292,0.011586298932384366,0.017435053380783563,NA,-79927.5689501781,-82764.14623368917,-54600.32971530225,-3573.688938315546,-60024.20471530242,-2350.4844899169684,-12612.299466192128,1267.4125124555178,642.4569232502965,461.05761687425894,827.1336577402135,374.75048475682155,1653.6890317319107,NA,483.8546940984579,NA,-3.272,0.7829999999999999,28.63,100.0
2019-12-31,0.0,NA,NA,NA,NA,NA,NA,NA,NA,NA,NA,NA,NA,NA,NA,NA,NA,NA,NA,NA,NA,NA,NA,NA,NA,NA,NA,NA,NA,NA,NA,NA,NA,NA,NA,NA,NA,NA,NA,NA,NA,NA,NA,NA,NA,NA,NA,NA,NA,NA,NA,NA,NA,NA,NA,NA,NA,NA,NA,NA,NA,NA,NA,NA,NA,NA,NA,NA,NA,NA,NA,NA,NA
2020-01-31,0.0,NA,NA,NA,NA,NA,NA,NA,NA,NA,NA,NA,NA,NA,NA,NA,NA,NA,NA,NA,NA,NA,NA,NA,NA,NA,NA,NA,NA,NA,NA,NA,NA,NA,NA,NA,NA,NA,NA,NA,NA,NA,NA,NA,NA,NA,NA,NA,NA,NA,NA,NA,NA,NA,NA,NA,NA,NA,NA,NA,NA,NA,NA,NA,NA,NA,NA,NA,NA,NA,NA,NA,NA
2020-02-29,0.0,NA,NA,NA,NA,NA,NA,NA,NA,NA,NA,NA,NA,NA,NA,NA,NA,NA,NA,NA,NA,NA,NA,NA,NA,NA,NA,NA,NA,NA,NA,NA,NA,NA,NA,NA,NA,NA,NA,NA,NA,NA,NA,NA,NA,NA,NA,NA,NA,NA,NA,NA,NA,NA,NA,NA,NA,NA,NA,NA,NA,NA,NA,NA,NA,NA,NA,NA,NA,NA,NA,NA,NA
2020-03-31,0.0,NA,NA,NA,NA,NA,NA,NA,NA,NA,NA,NA,NA,NA,NA,NA,NA,NA,NA,NA,NA,NA,NA,NA,NA,NA,NA,NA,NA,NA,NA,NA,NA,NA,NA,NA,NA,NA,NA,NA,NA,NA,NA,NA,NA,NA,NA,NA,NA,NA,NA,NA,NA,NA,NA,NA,NA,NA,NA,NA,NA,NA,NA,NA,NA,NA,NA,NA,NA,NA,NA,NA,NA
2020-04-30,0.0,NA,NA,NA,NA,NA,NA,NA,NA,NA,NA,NA,NA,NA,NA,NA,NA,NA,NA,NA,NA,NA,NA,NA,NA,NA,NA,NA,NA,NA,NA,NA,NA,NA,NA,NA,NA,NA,NA,NA,NA,NA,NA,NA,NA,NA,NA,NA,NA,NA,NA,NA,NA,NA,NA,NA,NA,NA,NA,NA,NA,NA,NA,NA,NA,NA,NA,NA,NA,NA,NA,NA,NA
2020-05-31,0.0,NA,NA,NA,NA,NA,NA,NA,NA,NA,NA,NA,NA,NA,NA,NA,NA,NA,NA,NA,NA,NA,NA,NA,NA,NA,NA,NA,NA,NA,NA,NA,NA,NA,NA,NA,NA,NA,NA,NA,NA,NA,NA,NA,NA,NA,NA,NA,NA,NA,NA,NA,NA,NA,NA,NA,NA,NA,NA,NA,NA,NA,NA,NA,NA,NA,NA,NA,NA,NA,NA,NA,NA
2020-06-30,0.0,NA,NA,NA,NA,NA,NA,NA,NA,NA,NA,NA,NA,NA,NA,NA,NA,NA,NA,NA,NA,NA,NA,NA,NA,NA,NA,NA,NA,NA,NA,NA,NA,NA,NA,NA,NA,NA,NA,NA,NA,NA,NA,NA,NA,NA,NA,NA,NA,NA,NA,NA,NA,NA,NA,NA,NA,NA,NA,NA,NA,NA,NA,NA,NA,NA,NA,NA,NA,NA,NA,NA,NA
2020-07-31,0.0,NA,NA,NA,NA,NA,NA,NA,NA,NA,NA,NA,NA,NA,NA,NA,NA,NA,NA,NA,NA,NA,NA,NA,NA,NA,NA,NA,NA,NA,NA,NA,NA,NA,NA,NA,NA,NA,NA,NA,NA,NA,NA,NA,NA,NA,NA,NA,NA,NA,NA,NA,NA,NA,NA,NA,NA,NA,NA,NA,NA,NA,NA,NA,NA,NA,NA,NA,NA,NA,NA,NA,NA
2020-08-31,0.0,NA,NA,NA,NA,NA,NA,NA,NA,NA,NA,NA,NA,NA,NA,NA,NA,NA,NA,NA,NA,NA,NA,NA,NA,NA,NA,NA,NA,NA,NA,NA,NA,NA,NA,NA,NA,NA,NA,NA,NA,NA,NA,NA,NA,NA,NA,NA,NA,NA,NA,NA,NA,NA,NA,NA,NA,NA,NA,NA,NA,NA,NA,NA,NA,NA,NA,NA,NA,NA,NA,NA,NA
2020-09-30,0.0,NA,NA,NA,NA,NA,NA,NA,NA,NA,NA,NA,NA,NA,NA,NA,NA,NA,NA,NA,NA,NA,NA,NA,NA,NA,NA,NA,NA,NA,NA,NA,NA,NA,NA,NA,NA,NA,NA,NA,NA,NA,NA,NA,NA,NA,NA,NA,NA,NA,NA,NA,NA,NA,NA,NA,NA,NA,NA,NA,NA,NA,NA,NA,NA,NA,NA,NA,NA,NA,NA,NA,NA
2020-10-31,0.0,NA,NA,NA,NA,NA,NA,NA,NA,NA,NA,NA,NA,NA,NA,NA,NA,NA,NA,NA,NA,NA,NA,NA,NA,NA,NA,NA,NA,NA,NA,NA,NA,NA,NA,NA,NA,NA,NA,NA,NA,NA,NA,NA,NA,NA,NA,NA,NA,NA,NA,NA,NA,NA,NA,NA,NA,NA,NA,NA,NA,NA,NA,NA,NA,NA,NA,NA,NA,NA,NA,NA,NA
2020-11-30,0.0,NA,NA,NA,NA,NA,NA,NA,NA,NA,NA,NA,NA,NA,NA,NA,NA,NA,NA,NA,NA,NA,NA,NA,NA,NA,NA,NA,NA,NA,NA,NA,NA,NA,NA,NA,NA,NA,NA,NA,NA,NA,NA,NA,NA,NA,NA,NA,NA,NA,NA,NA,NA,NA,NA,NA,NA,NA,NA,NA,NA,NA,NA,NA,NA,NA,NA,NA,NA,NA,NA,NA,NA
2020-12-31,0.0,NA,NA,NA,NA,NA,NA,NA,NA,NA,NA,NA,NA,NA,NA,NA,NA,NA,NA,NA,NA,NA,NA,NA,NA,NA,NA,NA,NA,NA,NA,NA,NA,NA,NA,NA,NA,NA,NA,NA,NA,NA,NA,NA,NA,NA,NA,NA,NA,NA,NA,NA,NA,NA,NA,NA,NA,NA,NA,NA,NA,NA,NA,NA,NA,NA,NA,NA,NA,NA,NA,NA,NA
2021-01-31,0.0,NA,NA,NA,NA,NA,NA,NA,NA,NA,NA,NA,NA,NA,NA,NA,NA,NA,NA,NA,NA,NA,NA,NA,NA,NA,NA,NA,NA,NA,NA,NA,NA,NA,NA,NA,NA,NA,NA,NA,NA,NA,NA,NA,NA,NA,NA,NA,NA,NA,NA,NA,NA,NA,NA,NA,NA,NA,NA,NA,NA,NA,NA,NA,NA,NA,NA,NA,NA,NA,NA,NA,NA
2021-02-28,0.0,NA,NA,NA,NA,NA,NA,NA,NA,NA,NA,NA,NA,NA,NA,NA,NA,NA,NA,NA,NA,NA,NA,NA,NA,NA,NA,NA,NA,NA,NA,NA,NA,NA,NA,NA,NA,NA,NA,NA,NA,NA,NA,NA,NA,NA,NA,NA,NA,NA,NA,NA,NA,NA,NA,NA,NA,NA,NA,NA,NA,NA,NA,NA,NA,NA,NA,NA,NA,NA,NA,NA,NA
2021-03-31,0.0,NA,NA,NA,NA,NA,NA,NA,NA,NA,NA,NA,NA,NA,NA,NA,NA,NA,NA,NA,NA,NA,NA,NA,NA,NA,NA,NA,NA,NA,NA,NA,NA,NA,NA,NA,NA,NA,NA,NA,NA,NA,NA,NA,NA,NA,NA,NA,NA,NA,NA,NA,NA,NA,NA,NA,NA,NA,NA,NA,NA,NA,NA,NA,NA,NA,NA,NA,NA,NA,NA,NA,NA
2021-04-30,0.0,NA,NA,NA,NA,NA,NA,NA,NA,NA,NA,NA,NA,NA,NA,NA,NA,NA,NA,NA,NA,NA,NA,NA,NA,NA,NA,NA,NA,NA,NA,NA,NA,NA,NA,NA,NA,NA,NA,NA,NA,NA,NA,NA,NA,NA,NA,NA,NA,NA,NA,NA,NA,NA,NA,NA,NA,NA,NA,NA,NA,NA,NA,NA,NA,NA,NA,NA,NA,NA,NA,NA,NA
2021-05-31,0.0,NA,NA,NA,NA,NA,NA,NA,NA,NA,NA,NA,NA,NA,NA,NA,NA,NA,NA,NA,NA,NA,NA,NA,NA,NA,NA,NA,NA,NA,NA,NA,NA,NA,NA,NA,NA,NA,NA,NA,NA,NA,NA,NA,NA,NA,NA,NA,NA,NA,NA,NA,NA,NA,NA,NA,NA,NA,NA,NA,NA,NA,NA,NA,NA,NA,NA,NA,NA,NA,NA,NA,NA
2021-06-30,0.0,NA,NA,NA,NA,NA,NA,NA,NA,NA,NA,NA,NA,NA,NA,NA,NA,NA,NA,NA,NA,NA,NA,NA,NA,NA,NA,NA,NA,NA,NA,NA,NA,NA,NA,NA,NA,NA,NA,NA,NA,NA,NA,NA,NA,NA,NA,NA,NA,NA,NA,NA,NA,NA,NA,NA,NA,NA,NA,NA,NA,NA,NA,NA,NA,NA,NA,NA,NA,NA,NA,NA,NA
2021-07-31,0.0,NA,NA,NA,NA,NA,NA,NA,NA,NA,NA,NA,NA,NA,NA,NA,NA,NA,NA,NA,NA,NA,NA,NA,NA,NA,NA,NA,NA,NA,NA,NA,NA,NA,NA,NA,NA,NA,NA,NA,NA,NA,NA,NA,NA,NA,NA,NA,NA,NA,NA,NA,NA,NA,NA,NA,NA,NA,NA,NA,NA,NA,NA,NA,NA,NA,NA,NA,NA,NA,NA,NA,NA
2021-08-31,0.0,NA,NA,NA,NA,NA,NA,NA,NA,NA,NA,NA,NA,NA,NA,NA,NA,NA,NA,NA,NA,NA,NA,NA,NA,NA,NA,NA,NA,NA,NA,NA,NA,NA,NA,NA,NA,NA,NA,NA,NA,NA,NA,NA,NA,NA,NA,NA,NA,NA,NA,NA,NA,NA,NA,NA,NA,NA,NA,NA,NA,NA,NA,NA,NA,NA,NA,NA,NA,NA,NA,NA,NA
2021-09-30,0.0,NA,NA,NA,NA,NA,NA,NA,NA,NA,NA,NA,NA,NA,NA,NA,NA,NA,NA,NA,NA,NA,NA,NA,NA,NA,NA,NA,NA,NA,NA,NA,NA,NA,NA,NA,NA,NA,NA,NA,NA,NA,NA,NA,NA,NA,NA,NA,NA,NA,NA,NA,NA,NA,NA,NA,NA,NA,NA,NA,NA,NA,NA,NA,NA,NA,NA,NA,NA,NA,NA,NA,NA
2021-10-31,0.0,11.523171382376717,840.1959918125677,42.48371035015457,404.57469902518017,2.541855561277034,231.8791781668382,0.033554067971163816,NA,0.04671807415035959,0.07389933058702318,0.04091220391349016,NA,NA,NA,NA,NA,0.04779248197734279,NA,0.07394747682801447,0.06666580844490268,0.050254891864060035,19.49251544799174,NA,13.493663748712704,11.664603501544748,15.508957260556109,NA,NA,NA,NA,NA,19.435213697219428,NA,16.173571060762104,15.565844490216246,17.393856848609616,0.002993048403707602,NA,0.03374588053553067,0.01644078269824923,0.020966529351184607,0.0,NA,0.0,0.0,0.0,0.017373326467560714,NA,0.10472296601441879,0.04794026776519107,0.02269001029866204,NA,-318.7610968074147,-77409.01977342933,-32570.003939237704,-3052.607003089603,NA,-1741.4597322348143,-4927.430638516955,NA,NA,649.8769839410178,1275.576038310991,384.49789713136636,NA,NA,618.005408310994,NA,0.127,4.516,23.66,98.6
2021-11-30,0.0,11.436416908085281,844.4168490277787,26.046475390716186,339.8106030256501,2.1960173611111182,251.14969166666657,0.032490740740740674,NA,0.044868981481484375,0.03610208333333256,0.03985254629629658,NA,NA,NA,NA,NA,0.04699999999999758,NA,0.06865694444444163,0.042459722222221906,0.04900000000000263,16.868152777777766,NA,11.97165740740739,10.55664259259257,13.453800925925957,NA,NA,NA,NA,NA,17.279733796296252,NA,15.572085648148128,15.401662037037035,16.0945300925925,0.0029812500000000923,NA,0.030919675925925455,0.005505787037037179,0.019057407407407207,0.0,NA,0.0,0.0,0.0,0.01596134259259163,NA,0.08942361111111138,0.021072222222222534,0.020862731481481964,NA,-64475.23444444443,-94313.68590277778,-39649.097916666244,-4558.968310185179,NA,-2274.7069444444314,-8213.42863425921,NA,NA,435.54374794182274,902.4540576838623,381.48591649286305,NA,NA,420.531139023052,NA,0.001,0.003,23.32,80.8
2021-12-31,0.0,4.019151379232993,838.6070881720416,54.24883097960086,233.682196511127,2.40517159498208,227.35822692652266,0.03162163978494651,NA,0.061123207885304745,0.08579861111110972,0.037543234767026326,NA,NA,NA,NA,NA,0.04564672939067795,NA,0.10636155913978548,0.09040546594982067,0.059424507168459,13.649605734767063,NA,5.54369175627242,3.5931211917562837,7.861959229390701,NA,NA,NA,NA,NA,14.354442204301106,NA,8.97677217741933,7.757496863799313,10.927209005376385,0.0028259408602152028,NA,0.02841913082437388,0.011441756272401392,0.014640905017920867,0.0,NA,0.0,0.0,0.0,0.01412432795698943,NA,0.09765658602150591,0.03078808243727613,0.02243100358423015,NA,-27572.25163530458,-75665.0943324373,-89939.93393817212,-12834.188732078816,NA,-5553.724708781341,-32038.605734767145,NA,NA,514.2979687289851,747.2018947097054,378.9752921542248,NA,NA,460.2088013001565,NA,-7.67,5.659,20.2,100.0
2022-01-31,0.9,5.613818366311514,843.5116755454105,33.52351699644849,302.44098451155395,2.3573665651953313,258.1336369863019,0.030365643237758026,NA,0.1045171276325813,0.10295178888606943,0.07258919056076958,NA,NA,NA,NA,NA,0.04444176604922519,NA,0.14908195889368242,0.10088074092869878,0.09205785333671757,10.31511037807657,NA,4.153446840903335,3.117319208322757,5.369149454453153,NA,NA,NA,NA,NA,10.858289774169071,NA,7.834099467140341,7.652808678000507,8.448791930981981,0.0023097412480973796,NA,0.04412328767123474,0.013300862506342274,0.035654490106545395,0.0,NA,0.0,0.0,0.0,0.012976407914763876,NA,0.11650608828006215,0.041706747843734904,0.04006062912227402,NA,-72.9027925869511,-18.675463080436483,-3954.88104541992,-82963.65535261309,-79.0347903657449,-25.867174023338507,-29.637519025875335,1051.073543917711,NA,526.8873715300689,941.8547261354977,375.8615680537941,NA,NA,492.21581623953233,1750.6116049046345,-8.41,4.787,18.44,98.0
2022-02-28,3.4,5.307567547450695,842.0205225446449,28.952584449404704,418.7182723771631,3.32729389880952,270.95400930059543,0.03055989583333449,NA,0.08869270833333129,0.07276599702380963,0.07039211309523699,NA,NA,NA,NA,NA,0.04456696428571484,NA,0.08867894345238203,0.05208630952380971,0.06956249999999867,9.864133184523865,NA,5.87182105654761,4.801352678571429,6.788683035714288,NA,NA,NA,NA,NA,10.36928199404756,NA,8.994586681547625,8.978374627976175,9.288750372023799,0.002472842261904723,NA,0.04483333333333395,0.010524553571428749,0.03466778273809519,0.0,NA,0.0,0.0,0.0,0.01309486607142897,NA,0.09116629464285765,0.025296502976190915,0.03191443452381025,NA,-92.58061755952365,-27.46294642857118,-57.54267113095237,-92477.19088541696,-59365.302641369046,-905.535825892859,-188.76651785714296,1035.0338020089293,NA,479.65220595238065,933.4657249627988,378.009937686012,NA,NA,497.48070784970395,1316.5334853422614,-9.77,4.198,19.8,97.2
2022-03-31,5.799999999999999,9.05687495798319,839.87736801075,30.349636088709563,533.4327529198605,3.003003696236557,247.5688467741942,0.03124663978494514,NA,0.07579569892473038,0.0534435483870974,0.06591229838709678,NA,NA,NA,NA,NA,0.04517439516129198,NA,0.07743615591397726,0.04566129032258152,0.05878393817204467,10.703800403225765,NA,10.317901209677418,10.033821236559124,10.238093077956997,NA,NA,NA,NA,NA,10.836495295698924,NA,11.780934139784922,12.29268951612903,11.231807795698932,0.002637096774193537,NA,0.048902553763441756,0.009231518817204328,0.03635786290322632,0.0,NA,0.0,0.0,0.0,0.013889112903225807,NA,0.08694892473118239,0.019470430107527064,0.02663272849462466,NA,-9966.916129032259,-40.89381720430117,-56.59371639784928,-74909.03555107568,-72802.87899865613,-1960.4633064516156,-1594.497815860216,1239.1504000672048,NA,515.5199882056453,1178.6925803763443,386.2538408602148,NA,NA,521.5331205645161,1461.838124697578,-3.204,4.0280000000000005,25.95,95.3
2022-04-30,3.8,13.191397307692302,838.3533440277762,24.924513236851368,656.0952562257405,3.3112732638888884,238.46940034722218,0.032197916666665605,NA,0.053992361111113614,0.038559722222222766,0.05242847222222223,NA,NA,NA,NA,NA,0.04630451388888911,NA,0.07212708333333125,0.04180069444444501,0.05206666666666927,13.8996006944444,NA,15.892670138888851,15.831875000000009,15.501524305555513,NA,NA,NA,NA,NA,13.11735763888887,NA,15.280086805555582,15.920638888888895,14.50891666666672,0.002851388888888935,NA,0.04545416666666725,0.005253819444444371,0.034471527777778184,0.0,NA,0.0,0.0,0.0,0.015554513888888085,NA,0.08544791666666676,0.014627777777777747,0.023582638888889788,NA,-16336.61618055559,-707.4812847222222,-143.39715277777765,-11580.670208333393,-51806.3993055557,-2005.1328472222262,-8826.96770833326,1708.7610461805546,NA,609.173690457868,1374.4677264592915,395.0814020753266,NA,NA,592.2547660892989,1730.772351800768,0.048,0.046,36.18,92.0
2022-05-31,0.0,16.81194238683124,837.9160662504248,20.139400755494474,743.7613685357243,3.2372979082321134,234.96248279352247,0.03341545730678572,NA,0.05038913263584304,0.027059061761728505,0.04526999662504264,NA,NA,NA,NA,NA,0.04706749915625869,NA,0.0690047249409359,0.03505568680391487,0.04980425244684516,16.65968612892341,NA,21.52694228822147,22.84361120485992,20.2182686466419,NA,NA,NA,NA,NA,15.173273709078657,NA,18.712362470469138,19.814900438744534,17.439159635504613,0.0029669254134323995,NA,0.04221835977050334,0.0017111036112048496,0.026818764765441663,0.03366857914276046,NA,0.031914276071549154,0.0,0.017313871076611188,0.016285521430982164,NA,0.08351738103273741,0.007801552480593851,0.021703341208234417,NA,-15212.690550118114,-2664.2388457644406,-2980.2552143098087,-6444.682146473184,-29192.754370570565,-1808.0720890988814,-5811.689773877842,1679.8441700542016,NA,461.9660713240418,1171.9368066202094,404.1654922996522,NA,NA,454.3181013588843,1606.0047975609793,0.145,0.115,30.97,76.41
2022-06-30,0.2,23.19290451388888,840.3501804166667,21.770475694444414,750.6786818639167,2.64647256944444,217.46244409722235,0.034481249999998694,NA,0.04925902777777872,0.02363958333333358,0.04549409722222407,NA,NA,NA,NA,NA,0.04800138888889009,NA,0.0682586805555579,0.031214930555555784,0.050447569444443306,20.407010416666626,NA,27.28310416666664,29.682902777777787,25.346649305555548,NA,NA,NA,NA,NA,18.414993055555577,NA,22.99919097222225,24.559864583333365,21.398902777777863,0.003028819444444507,NA,0.032912499999999976,0.0010187499999999266,0.023476388888888946,0.07444548611110968,NA,0.055589583333334164,0.0,0.03338472222222219,0.017011111111111882,NA,0.08450000000000028,0.004486111111110963,0.02189722222222147,NA,-5479.651545675595,-1419.3503994442538,-2384.9246266064624,-3628.6332059743077,-7613.069850642556,-1326.7859326154885,-2494.644668287611,1561.3702329861069,NA,479.52780836805664,1077.0811791319452,420.8844861805548,NA,NA,454.75961614583235,1394.7942673611103,7.497999999999998,3.177,34.29,85.6
2022-07-31,0.2,25.20951276881724,842.8147526881692,35.438443884408635,641.8599394935776,1.9920211693548415,193.5698783602148,0.03623807157057695,NA,0.04767267267267339,0.0335776119402982,0.045973605577690126,NA,NA,NA,NA,NA,0.04873422752111443,NA,0.06882243460764496,0.033891811414391515,0.05152876438219346,23.35945228494623,NA,29.71686827956998,30.510456989247565,28.19328293010813,NA,NA,NA,NA,NA,21.347123655913848,NA,25.805940860214886,26.71648521505302,24.405682123655932,0.003034946236559212,NA,0.021811155913978524,0.006677419354838626,0.02192741935483838,0.08068649193548026,NA,0.043765456989247456,0.0,0.033343077956989695,0.017653225806451945,NA,0.08385987903225915,0.006026881720430032,0.022622311827958087,NA,-2741.494568169472,-1204.8742595584283,-1789.3680735930786,-2281.629617486332,-3123.2334598698476,-1133.234575904919,-1583.798927038631,1614.5679240591373,NA,868.5866110215051,1234.7250547715034,439.97409146505254,NA,NA,706.6479440524184,1480.2340473790327,10.95,5.329,36.33,95.3
2022-08-31,1239.9999999999998,22.810949978982777,843.0931717069878,55.83491582491587,548.2301141985349,1.30867372311828,211.96725033602164,0.03700000000000036,NA,0.12246488125315802,0.1162744903033324,0.09100646766169096,NA,NA,NA,NA,NA,0.04980463739516385,NA,0.18001204214751443,0.14195615763546765,0.09943653558984605,22.904610215053744,NA,24.679445564516012,24.69162970430105,24.413299731182754,NA,NA,NA,NA,NA,21.842056451613075,NA,23.684065860214815,24.214872311828,23.18910282258057,0.003040994623655967,NA,0.08787500000000112,0.0349590053763443,0.05099697580645172,0.08074630376344595,NA,0.11035315860215052,0.0,0.035002016129032046,0.019692540322581085,NA,0.207050403225806,0.08143850806451591,0.049256048387096026,NA,-210.1317415730338,-21.956351426972564,-78.92550561797775,-1987.8674157303244,-60.32247191011243,-22.176460674157312,-228.38764044943937,4488.810862567196,NA,3459.7866833898192,6045.368902553774,506.13672275922727,NA,NA,2699.1443854166628,4735.583277489165,11.86,15.15,36.27,97.4
2022-09-30,32.4,17.126233766233764,841.8699420785815,47.114340937896074,491.7235462832875,1.595168567807349,200.4411406844106,0.03700063371356087,NA,0.06561216730038139,0.04480038022813688,0.06015145754119203,NA,NA,NA,NA,NA,0.05047338403041902,NA,0.09165462610899724,0.05546387832699647,0.07251330798479108,23.560811153358678,NA,25.87001901140686,25.42347275031687,25.71929657794682,NA,NA,NA,NA,NA,22.479898605830236,NA,24.656628643853,25.01475285171101,24.143276299112735,0.003588719898605744,NA,0.06333079847908857,0.00947655259822552,0.04702344740177438,0.08263054499366294,NA,0.06880291508238322,0.0,0.039572243346007015,0.021885297845373165,NA,0.13176932826362603,0.03942902408111502,0.043550697084917274,NA,-2224.748859315594,-528.5858681875792,-55.3524714828897,-1836.713561470217,-3203.9891634980977,-787.5712294043107,-631.9446134347272,4624.653924588083,NA,2742.853098479091,7637.166157921419,421.2338574074069,NA,NA,2722.392938529784,2722.435712345679,8.06,11.62,31.92,99.4
